1.436900459419795275e+08 1.665949792735526152e+07 1.911238353464194341e+06 4.455684916207656497e+05 4.983163209998540697e+05 6.152869909411362605e+05 -1.774354946204074167e+03 3.232352064314208692e+05 -1.350054710986556984e+03 8.082541986153640028e+04 -2.970360066937198644e+04 1.314424949651064235e+05 4.162183574850384502e+03 3.308334890241133508e+03 3.349415540662606509e+04 -2.334159282409011939e+04 1.969135948377016757e+04 -4.779442726856201625e+04 4.148051329928344785e+04 -6.494595383087726987e+03 -3.334508236540934013e+04 6.557731600170486672e+03 5.320079639128353847e+03 -1.746386779625845884e+04 -3.381347289176273080e+03 2.138671390013622658e+04 1.324336038890549753e+04 -2.447301540169363579e+04 -2.107721551608846858e+04 -1.191094553225485106e+04 -1.186923283471750619e+04 5.340806016356948476e+02 1.043185636193331993e+04 -3.296033662701924527e+02 -1.079979433081617117e+03 -9.337341165231200648e+03 -2.859771795751301852e+03 -4.083955328066288075e+03 -8.079076071598372437e+03 -2.298561058540665726e+03 2.740883445790537819e+07 2.992165374727371335e+07 -1.023436159181023249e+05 5.915991409922827734e+05 -4.122248727983055869e+05 1.021606712853515404e+06 1.197836502787739300e+05 2.409609058363375370e+05 2.014560220754648035e+05 5.887333465921129391e+04 -1.603296579303467006e+05 -2.146416701380622108e+05 -2.094037224562522606e+05 -1.453512603253592097e+05 -2.782293126341484094e+04 2.390689756106643108e+04 -3.119900956249698356e+04 2.695202117609807829e+04 -6.215585663460266369e+04 -1.371107227537887229e+05 -1.504897655240712629e+04 -3.289039534522159374e+04 -9.498026001842381447e+03 -2.027069969026247418e+04 -4.650813011787924916e+04 -7.860011169716370932e+04 -2.418403541726521871e+04 -5.450972536338939972e+04 -5.537227552138815554e+03 -4.466982846162597525e+03 1.462634165941921310e+03 -3.362271338909805490e+04 -2.705623411667157598e+03 -5.011029401053276524e+04 -4.978911970785475569e+04 -2.521796244164525706e+04 -2.059362657945985848e+04 -4.312169484647116769e+04 -3.517868014735517500e+04 -1.963697921596181550e+04
1.665949792735526152e+07 3.406337492536416650e+07 4.372435971594832838e+06 6.767875728855192428e+05 3.834869292721428064e+04 1.809713900062575995e+05 -8.426388847029249882e+04 1.357254197014437814e+05 -2.889194147322651042e+04 1.187093797838124883e+05 -2.012118964275167309e+04 -1.492844854445792407e+04 6.257045837057105382e+04 2.756737956754206971e+04 4.323835255922352189e+03 3.657270019404387858e+04 3.390480306312075118e+04 2.208499036461747528e+04 3.713189083488813776e+04 -1.541138940591483333e+04 -2.409979049835303522e+04 -7.012348278350658802e+03 1.416152205730328888e+03 -1.134573885353401965e+04 -9.863606502534048559e+03 -5.981709797528047602e+03 -1.817576271614975383e+02 -8.535200332945974878e+03 -4.353257980611484527e+03 -1.770300537028734107e+04 2.228803105054630578e+03 -3.355269507369677285e+03 -1.566756166964025033e+04 -1.430802958342985585e+04 -6.962822957536708600e+03 -1.312789935330512344e+04 -1.412003101614277512e+04 -1.371235511084093196e+04 -1.076577081783930953e+04 -1.029329162352129424e+04 4.474242183919208124e+06 1.424090769387902133e+07 9.845965764443749562e+06 1.158565558079315582e+06 1.259847336783383274e+06 5.883464405334918993e+05 5.993264534754252963e+04 2.659607804508548361e+04 1.343858103363414702e+05 5.086270042499667034e+04 6.530329225189161662e+04 2.564277201086501736e+04 3.587346207368838077e+04 9.800887647996431042e+03 7.686215053571639874e+04 4.069693966567792086e+04 3.955973463779024314e+04 5.138169142594235745e+04 3.955283088157248130e+04 3.794375779679435072e+04 4.772700828696235840e+04 2.794819447994177972e+04 1.029400501184394852e+04 3.294278433575521376e+03 -1.382835584929079778e+04 1.430608888329440163e+02 -1.840291646308178088e+03 -4.756870651824663946e+04 -2.076689159596160243e+04 -2.893094152364371985e+04 -4.225388851171452188e+03 -1.254151900269763064e+04 -1.443860877251947568e+04 -2.001019459224036109e+04 -3.407488709502056008e+04 -8.915390184402584055e+03 -7.756338299659138102e+03 -8.053763185417681598e+03 1.039909359313391633e+03 2.908597850680099327e+03
1.911238353464194341e+06 4.372435971594832838e+06 1.079421644243900850e+07 1.312991144413670758e+06 4.224485207014343468e+05 1.900856950044421537e+05 4.610756529917180887e+04 -6.448647276241014879e+03 4.979527389597769070e+04 6.573116397091437830e+04 3.932783845381507126e+04 -2.990426916098082302e+02 5.002974066826737544e+04 3.430366003663845913e+04 3.598282235367386602e+04 1.376608361177669576e+04 2.072434731180215385e+04 3.717417300269088446e+04 2.159737313848055419e+04 1.097692526161109527e+04 -3.459799575928198465e+03 9.141383945418709118e+03 1.200122139134161262e+04 8.500585322560378700e+03 2.353935913096977856e+03 1.700952785946307699e+01 4.749086047898703328e+03 -1.408319793664328017e+03 5.256507418730599056e+03 6.053176321099276720e+03 7.660876364695081975e+02 -2.087353816853971239e+03 8.518306161018621481e+01 -5.487941789198583820e+02 2.629999056331144857e+03 -2.575160701979679743e+03 -3.058346069190518847e+03 -3.653969844061376534e+03 -6.539529141792687028e+01 -3.464706836933490649e+03 3.881524877606220543e+06 5.653412598252820782e+06 6.390377987098490819e+06 3.047470500137101859e+06 9.539132032164639095e+05 6.760112639144392451e+05 2.112517471728285891e+05 4.036047728726979403e+04 8.846395016776605917e+04 -7.613900979518645909e+04 -4.098020757206174312e+04 6.160195934229002160e+04 6.262549162791283743e+04 -3.028608778359017015e+04 2.239054717801038350e+04 2.308145450539064768e+04 1.953244805431945133e+04 3.738813896636485151e+04 1.899511272726655443e+04 1.596197962426069353e+04 2.672104487609801799e+04 2.361382990109968887e+04 3.358592699377093959e+04 3.051442971035276059e+04 -5.134174183673597327e+03 1.368289514476176555e+04 -3.313001664280315708e+03 -3.168959078728817076e+03 -6.659208862259127272e+03 4.840298684052546037e+02 5.960547741673076416e+03 -4.952179198404121053e+03 -5.660427328770466374e+03 -1.109056952727792668e+04 -7.459055521748465253e+03 1.471289201724750455e+04 1.750733561162085834e+03 1.802464929227423681e+03 -9.029210592482802895e+03 -4.781533626803924562e+03
4.455684916207656497e+05 6.767875728855192428e+05 1.312991144413670758e+06 3.612658999795251992e+06 5.369299210951694986e+05 2.222043952300164965e+05 7.885347276013284863e+04 9.870237641322870559e+02 3.322614434005990188e+04 4.932303845027566422e+04 6.069579525165435916e+04 3.101352493439455793e+04 2.077414454010727786e+04 3.028161247761148479e+04 1.225094103808685395e+04 1.903277776521206397e+04 1.083375496428567567e+04 1.255775686578495515e+04 7.196276895267821601e+03 5.376470122991985590e+03 2.524134978637874156e+03 7.057421938391191361e+03 1.758925194712070834e+03 6.690031846778019826e+03 4.750556434307337440e+03 8.148073886231176175e+02 -2.233542766510744968e+03 3.256668697803260784e+03 -1.573250724921883830e+02 -1.577253713807358054e+03 3.034322166896443377e+03 1.469385152526082038e+03 1.157978422034325831e+03 1.459054803185879109e+03 6.045675105338035792e+03 7.250058618682411407e+02 8.650860626312648947e+02 -2.706109851450858059e+03 1.338764101161151302e+03 -2.040518059554217643e+03 2.292699507976944093e+06 4.611286270256631542e+04 1.465248310941811884e+06 1.786654629576385254e+06 1.082654692836630391e+06 2.773315411794596002e+05 2.247500756634325371e+05 -4.578581993601921567e+03 4.033052493749538826e+03 4.380368880046119739e+04 -9.740968737796616551e+03 8.682053605131075892e+04 1.973063798237159790e+04 2.646919349673103716e+04 4.330023194239477016e+04 9.636614928998857067e+03 2.686247647494351440e+03 2.087806027205267674e+04 2.368137504059958519e+04 -2.407152389133896122e+03 -7.168094351528575316e+02 9.890055388353193848e+02 2.267833119585417307e+02 -3.750278180178544517e+03 3.423622875811515314e+03 5.098746516723230343e+03 1.636443641162325548e+03 4.479256295261393461e+03 1.077562796202134905e+03 7.646586791136152215e+02 7.998378344243965898e+01 3.942535492375195076e+02 7.076631463828957749e+03 1.213627383679170407e+03 -1.107342842968514333e+03 2.990030316823729663e+03 -4.449684508836543500e+03 2.880635766498213798e+03 -5.182754843083960168e+02 1.807242884625851275e+03
4.983163209998540697e+05 3.834869292721428064e+04 4.224485207014343468e+05 5.369299210951694986e+05 1.463399948697200045e+06 2.607333039668173005e+05 6.797075104487581120e+04 3.651040143233435083e+04 2.599559005561162485e+04 3.250148161507374971e+04 2.684857769616239966e+04 2.301410337419077769e+04 1.853961897565288746e+04 1.834083813476488649e+04 2.725076021731347737e+03 3.560445900646417385e+02 1.063977498682770056e+04 5.929735863974492531e+03 1.017948119930607209e+04 1.019548816540257394e+04 1.574446236530815895e+03 6.794383678434958711e+03 3.677575939346329505e+03 4.304554345252397979e+03 5.414652368131248295e+03 1.332128930436817427e+03 1.449138219203380913e+03 3.192607167135575764e+03 2.590173824353492364e+03 5.416083184094249958e+01 2.221883651322838432e+03 1.938188867854015143e+03 7.826343495593864645e+02 2.406505983605042275e+03 2.268438571336467703e+03 1.086613083654834099e+03 1.952751757509902063e+03 1.800993750435333141e+02 2.349577283943584121e+02 -1.504622523218076822e+03 1.883541872731697978e+06 2.628702323000999750e+05 -2.490313785371051927e+05 4.046478593607826042e+05 6.843872852815861115e+05 3.261781030666818260e+05 5.061961740502280736e+04 -3.388428809926121903e+04 -1.393022889874039720e+04 6.608497937045711296e+03 3.102209249754853772e+03 3.970484749102988280e+04 5.089976768667616125e+04 2.389478111951866595e+04 5.761955410276538714e+03 1.243785365916556293e+04 1.255309384200635031e+04 1.432757389171629029e+03 1.391557536796509339e+04 5.618235475668745494e+03 1.628308891730536197e+04 2.535686044681407566e+03 8.312389894461986842e+03 4.113460603315003027e+03 5.567496599792101733e+03 5.791510373053009971e+03 -3.298256584458835277e+03 -1.319294110668130088e+03 1.917485059413830868e+03 1.932382101957191480e+03 -1.468506987260484777e+02 4.374962851468168992e+03 5.238540399604397862e+03 -1.836425091219464093e+03 1.047834605172385864e+03 4.279482206517421218e+03 1.398921645355976125e+03 2.862551451517106671e+03 1.928944297363807436e+03 6.527158513639407147e+02
6.152869909411362605e+05 1.809713900062575995e+05 1.900856950044421537e+05 2.222043952300164965e+05 2.607333039668173005e+05 7.611096716852806276e+05 1.401229921592307801e+05 4.257887160726600996e+04 3.225540910130549310e+04 2.261363042944443805e+04 1.454410546848570084e+04 1.281832554383279967e+04 1.666089020075274311e+04 2.144906891635655484e+04 1.287496389403253852e+04 8.213550990591114896e+03 4.688672700992921818e+03 5.415695161706322324e+03 6.742868020244143736e+03 7.264388005939207687e+03 4.701602660675103834e+03 4.325732815811465116e+03 2.065103869513702193e+03 3.169226306135002687e+03 3.531802781557587423e+03 2.312637350786907973e+03 1.500016181128919925e+03 9.669777854109469217e+02 3.091260465980554727e+03 2.143002990968871927e+03 1.090322919906653169e+03 2.461768754700077579e+02 2.555396500649794234e+03 6.024282563638590773e+02 9.052401472040502313e+02 1.199693446362210381e+02 -3.083220388861709580e+02 -3.631227122860448731e+02 7.532700976791854828e+02 4.454616238155104497e+02 2.359611147701262780e+03 -4.831171867469297140e+05 -1.255259434360206069e+05 3.377914291159597342e+05 3.989602234841227764e+05 3.098496017483382020e+05 2.321489941374076880e+05 2.882732097855527900e+04 -5.628238013756645159e+02 3.080787799204696421e+04 5.978268615845493514e+03 1.249093453553633663e+04 2.223903559332332588e+04 1.263008766498041223e+04 1.300117742659619216e+04 1.333777825169111566e+04 4.817118830983471526e+03 -8.010050874251016921e+02 3.626685126754911380e+03 6.302421558250729504e+03 1.347889073983409071e+04 3.148779365533067448e+03 3.414684691841995573e+03 -2.462851136616154690e+03 7.700634505915367299e+03 1.240525355065011354e+03 -1.504065177214831238e+03 9.942648639524065857e+02 3.244810516019737406e+03 4.648784921675744044e+03 1.347379592966101882e+03 4.167385132201109627e+03 5.014173289499557541e+03 4.600618780484880972e+02 -2.445445973703949221e+03 -1.128444512312543793e+03 -1.633729121304923865e+03 -1.058995140995685006e+03 3.109940066803196714e+02 -1.319141086668996877e+03
-1.774354946204074167e+03 -8.426388847029249882e+04 4.610756529917180887e+04 7.885347276013284863e+04 6.797075104487581120e+04 1.401229921592307801e+05 3.924893368898250628e+05 7.517256439223485359e+04 2.371689015771062259e+04 2.277851442832065732e+04 1.908854620816299212e+04 1.723296942650053461e+04 1.113399477288800153e+04 8.090466860829004872e+03 1.006005794466080988e+04 7.735431561917262115e+03 8.035237656284914010e+03 3.188093156979709875e+03 3.785164643656644785e+03 6.047888707414529563e+03 3.835223182377296780e+03 3.717742668870173929e+03 4.372564356740029325e+03 3.622323337368954071e+03 2.201328616832346597e+03 2.553767093076778110e+03 2.278116351074138038e+03 1.909782865177554640e+03 2.532548054161924028e+03 2.380895224101002441e+03 1.003664412689713345e+03 1.686299073070971872e+03 1.431547786432672638e+03 1.096775577966971468e+03 1.267000895344662013e+03 5.391462864268627300e+02 5.517985629952554518e+02 1.208163320861978264e+03 1.001917042987350101e+03 1.520946346356017557e+03 3.489392235577174579e+05 -4.207850287902014679e+04 -3.628511717805979424e+05 2.285422052928455378e+04 1.046633505238829966e+05 1.313036205920698703e+05 1.758780483199899027e+05 8.565641669987753266e+04 -5.276900504449487016e+03 3.515172276091766253e+04 3.236789818536001258e+04 1.473484077757042542e+04 1.874700575089034101e+04 1.664426193236758627e+04 6.015063611056970331e+03 7.791564042882615468e+03 9.121920341124976403e+03 -3.137842241528773002e+02 7.457731360826113587e+02 1.962037964200183524e+03 1.123371868266008278e+04 4.158524729296059377e+03 -8.878356342413194398e+02 -1.687454892115070379e+03 3.105033477155392120e+03 1.773783748711783801e+03 2.951943155849012783e+03 -8.558071042403886395e+02 1.048695316475245818e+03 9.119534194549414678e+02 -5.548130498251954350e+02 1.302733793983462647e+03 3.844267953820536832e+02 1.098469523051717715e+03 -2.523506680650239673e+02 8.943742468779189494e+02 -4.773317786123389510e+02 -5.960659721728784461e+02 -1.661233268765031994e+02 9.346246483395000269e+02
3.232352064314208692e+05 1.357254197014437814e+05 -6.448647276241014879e+03 9.870237641322870559e+02 3.651040143233435083e+04 4.257887160726600996e+04 7.517256439223485359e+04 2.369464968789723353e+05 5.256231580505917373e+04 1.712629153253763070e+04 1.891353685818270606e+04 1.379818373699705808e+04 1.118161301624080261e+04 9.395876720468560961e+03 8.924827727896157739e+03 5.800605502036861253e+03 5.431436753252591188e+03 6.567287109362817318e+03 5.646329709074887433e+03 3.881646185280711506e+03 6.154371050924348310e+03 4.418218628371753766e+03 3.237253133073524168e+03 2.681341319385667248e+03 3.916428357524308012e+03 2.104970383003565075e+03 1.886933464988480637e+03 1.631201263285068308e+03 2.252181368706411376e+03 1.801508103377661882e+03 1.873696729679367081e+03 1.512220274964297460e+03 2.002717241689091225e+03 1.447622942461144248e+03 1.389848578847399494e+03 9.167616903070065746e+02 5.844144502579058553e+02 9.558569293036279078e+02 6.074756166277528564e+02 6.915921852960121896e+02 3.297293639913303195e+05 -1.780852573005259910e+04 -5.496000092215440236e+04 -8.877389118052512640e+04 6.990727354630206537e+04 5.060643789470881893e+04 6.758171653085478465e+04 9.257689231863508758e+04 7.123032561172783608e+04 2.094064804099349931e+04 1.571673040997446333e+04 2.566618985503696604e+04 1.853842698996156105e+04 1.034005674672755413e+04 1.728738295007076158e+04 8.650846550372061756e+03 1.264073519911246694e+04 7.519672245533145542e+03 8.018561282658579330e+03 7.495039688168406428e+03 2.673097655968084837e+03 4.387940222341563640e+03 -6.651030155933183323e+02 1.546597789335548896e+03 3.538203526158742989e+03 1.876499204257807378e+03 3.668516959763000614e+03 5.915305623536170287e+02 3.425517774919340809e+03 5.111991943141671300e+02 1.861476613672095709e+03 1.576916923141922553e+03 1.257325092648942018e+03 1.762058052171641066e+03 -8.571663768285256992e+02 -6.146540177997587762e+02 1.703999321141277733e+03 9.525861068295829455e+02 1.162617822600426052e+03 1.502723622230468436e+03
-1.350054710986556984e+03 -2.889194147322651042e+04 4.979527389597769070e+04 3.322614434005990188e+04 2.599559005561162485e+04 3.225540910130549310e+04 2.371689015771062259e+04 5.256231580505917373e+04 1.529076561125533481e+05 3.322198467798133788e+04 1.527069399828685164e+04 1.325057216777088433e+04 5.152293566342830673e+03 8.098877649355359608e+03 7.280526761871673443e+03 5.196319467408132368e+03 6.489895727208098833e+03 4.865982230181677551e+03 4.194601590743745874e+03 4.146757047661191791e+03 2.220163995957263978e+03 3.255300265061916889e+03 2.331486014831921239e+03 3.365535838768767917e+03 3.257569562654515721e+03 1.788412329545853027e+03 1.986945609094982501e+03 2.138496930102481201e+03 2.224283774510545754e+03 1.168317471458363570e+03 1.132702384274425867e+03 1.166826428803215776e+03 1.803097367343570113e+03 6.060958365593354529e+02 5.581240589963292678e+02 7.739783067597163608e+02 8.934408845501478709e+02 7.324605834196160004e+02 5.857755174816261388e+02 7.193114472411658653e+02 -4.100967260111983342e+04 1.305211890105032653e+05 8.799279698807589011e+04 -1.352703547951551081e+04 2.176028543860810532e+04 2.409790119681372380e+04 2.319363214615558172e+04 7.333397822721241391e+04 7.112764005826723587e+04 4.100954116650541982e+04 1.280303477631075839e+04 1.640688739900199653e+04 1.522823011306932676e+04 8.069382851311982449e+03 6.496629974728483830e+03 7.433168069888422906e+03 8.775871425157898557e+03 7.700371410053337058e+03 6.959687928062994615e+03 3.063377752802549367e+03 5.189882415025298542e+03 5.148961008115246841e+03 1.277194596968202177e+03 4.481499623940265337e+03 1.148920085414055848e+03 2.083615937359881627e+03 4.518239257939959543e+02 1.351130351468608808e+02 1.385687919957998702e+03 1.753779283160403111e+03 2.762303600945411745e+03 1.806246332318594796e+03 1.876591899914439637e+03 2.716645786240570487e+03 5.966494388037173167e+02 2.423447657423175485e+02 5.770058884625764222e+02 1.162262909747714502e+03 5.670811699890364252e+02 7.673864588126928084e+02
8.082541986153640028e+04 1.187093797838124883e+05 6.573116397091437830e+04 4.932303845027566422e+04 3.250148161507374971e+04 2.261363042944443805e+04 2.277851442832065732e+04 1.712629153253763070e+04 3.322198467798133788e+04 9.558045560166654468e+04 2.312353826708051201e+04 1.012815839768367914e+04 4.532736126502118168e+03 7.450567229899987069e+03 5.804982118848189202e+03 2.569347209725598987e+03 3.312496488316913656e+03 3.157328174746958211e+03 3.117130956456342574e+03 2.161366742875259661e+03 3.155460813685559970e+03 3.062163820924229640e+03 2.750849344627157279e+03 3.267500515057072334e+03 1.975777302345490170e+03 1.323736490026479487e+03 1.929907007912928975e+03 1.517728392719543763e+03 2.106921729255313494e+03 1.914907214038033771e+03 1.208365956698847640e+03 1.060220580116609426e+03 9.177074605008103845e+02 7.253303685252345758e+02 7.296830427086214286e+02 2.728054746336699168e+02 7.601482899897590642e+02 7.319169344859710691e+02 8.653910032536505241e+02 9.009409870027297984e+02 3.412713798124064924e+05 1.046032725777134910e+05 -3.511392199109122885e+04 3.351772138044048006e+03 4.902672077849639027e+04 4.642815237575847277e+04 1.628815941704346551e+04 2.241497926883079344e+04 4.458375217193214485e+04 2.709762106230689096e+04 1.778744558431459518e+04 5.664484103517505901e+03 1.097297243795035320e+04 8.667501003353097985e+03 1.436346627273778040e+03 8.895588847978797276e+03 3.980671058647238624e+03 3.803961347239262523e+03 2.980843685259626909e+03 5.956180107033468403e+02 4.875041319347041281e+03 3.349709063067210536e+03 2.491468056293210793e+03 1.960975687739036630e+03 8.284828571586934913e+02 -5.253847666419381994e+02 1.041740453881899384e+03 2.899879170525865675e+02 7.086634722782520157e+01 1.417593403622776350e+03 8.919902428422368530e+02 4.938618863662267700e+02 2.873979418706615547e+02 1.806969005983030684e+03 4.586239490987013596e+02 9.257582819434816201e+02 6.416933335249825632e+02 8.303120560849720277e+02 4.628629952743836640e+01 4.713190888000547716e+02
-2.970360066937198644e+04 -2.012118964275167309e+04 3.932783845381507126e+04 6.069579525165435916e+04 2.684857769616239966e+04 1.454410546848570084e+04 1.908854620816299212e+04 1.891353685818270606e+04 1.527069399828685164e+04 2.312353826708051201e+04 6.238003280193381215e+04 1.504753672826824004e+04 4.583449801470060265e+03 6.111709572757112255e+03 4.851660829061554068e+03 3.180144824773966320e+03 4.861035901359356103e+03 2.959805828481267326e+03 2.652915853408463136e+03 2.912812437785755719e+03 1.921532853590272452e+03 1.814256674636953676e+03 1.882181067165305194e+03 2.093117269603726072e+03 1.688550822900309868e+03 1.943272941093512827e+03 1.291742634915811095e+03 1.308228676234950171e+03 1.418579226405930513e+03 9.703696912161379942e+02 1.034473442796247809e+03 7.638406468486692802e+02 5.120790218249807140e+02 6.354983781341785516e+02 5.951220498020931018e+02 8.020177564474511200e+01 2.428473876696390050e+02 7.632600336098529397e+02 2.906558510035864060e+02 3.834396286825133870e+02 1.561124387568760430e+05 1.094427170733610865e+03 7.777216713470232207e+03 4.792721994333456678e+04 5.444461655944845006e+03 3.080931081996809007e+04 1.770625554973002727e+04 1.842468921681592474e+04 1.983390575907688253e+04 3.367009271708672168e+04 2.268512715593340545e+04 1.868184372474689371e+04 9.757267143861066870e+03 9.449323797201610660e+02 2.716499448476361522e+03 7.850475707684127883e+03 5.368961965975517160e+03 3.326045750010780012e+03 3.846274575610455031e+03 2.544031731610789677e+02 2.352622800262932742e+03 3.523140440755266809e+03 -7.828563013938761515e+02 1.038103620802261048e+03 1.541676330663763338e+03 5.712088097873687502e+02 2.597415582235892089e+03 1.522682276824939663e+03 6.354478871263269184e+02 1.365734036650239432e+03 7.800690748982606237e+02 2.320291584804462204e+01 3.933156788820606948e+02 1.319919871527042460e+03 6.413417205056176726e+02 9.408352227923037390e+02 1.002768113501319590e+03 7.408444540837051306e+01 2.917756294319426615e+02 3.438553695245121276e+02
1.314424949651064235e+05 -1.492844854445792407e+04 -2.990426916098082302e+02 3.101352493439455793e+04 2.301410337419077769e+04 1.281832554383279967e+04 1.723296942650053461e+04 1.379818373699705808e+04 1.325057216777088433e+04 1.012815839768367914e+04 1.504753672826824004e+04 4.631486109894398396e+04 9.364549747295521229e+03 5.856310244783017879e+03 4.841013380005627369e+03 3.064244522660749226e+03 4.249937789818869533e+03 2.597745286023699009e+03 2.925834995863074255e+03 2.936190971658813851e+03 2.540397199839980658e+03 1.456298829983031737e+03 2.256970891583688172e+03 1.739419746746446663e+03 1.174255375744577350e+03 1.025736874756962834e+03 1.183642118107449278e+03 1.561449483622620619e+03 1.122955246008359836e+03 1.020104692499242105e+03 6.459791128456984097e+02 5.604886642497218645e+02 6.719102618644020595e+02 9.026658229189762324e+02 9.896589879342229779e+02 4.482756121325400613e+02 2.137947577761056550e+02 3.466504085403942668e+02 3.803266014416577150e+02 6.238569664045596710e+02 1.043455595965701796e+05 -2.223175642890403833e+04 -1.810699651556908429e+04 2.759050591660216924e+03 2.720757272169633325e+03 2.954609233132463851e+04 2.163386341219093083e+04 2.011270406498726152e+04 1.690328272978308451e+04 1.603334068169657439e+04 1.432282978208505847e+04 2.093823062894881150e+04 1.111210413871664059e+04 4.793323631811436826e+03 5.396576647797612168e+03 6.450938027553215761e+03 7.721634260821977477e+03 4.674720245375790000e+03 2.187710126082645729e+03 -1.611164134734220283e+02 1.935876649912065659e+03 1.736077094947960632e+03 1.710457052408344225e+02 1.953027488248789325e+02 6.531552366036802368e+02 1.738942401971075469e+03 1.404859547107774915e+03 -4.140738443036368039e+02 1.351585119432210604e+03 2.553374169253694618e+03 1.386137547763509701e+03 1.285760994363728514e+03 6.910531077558561037e+02 1.686935592537646016e+03 1.064376403005437396e+03 9.850976263578696717e+02 9.038177588787946206e+02 3.698095635697927150e+02 5.277099877197416617e+02 8.883236860591550794e+02
4.162183574850384502e+03 6.257045837057105382e+04 5.002974066826737544e+04 2.077414454010727786e+04 1.853961897565288746e+04 1.666089020075274311e+04 1.113399477288800153e+04 1.118161301624080261e+04 5.152293566342830673e+03 4.532736126502118168e+03 4.583449801470060265e+03 9.364549747295521229e+03 3.222790966542552269e+04 7.918063632861768383e+03 4.165021659102472768e+03 2.798906825387375193e+03 3.881622601693126853e+03 1.737893649297321645e+03 2.189529115587370143e+03 2.646310864093635246e+03 1.886212607851700795e+03 1.855434654875924934e+03 1.654865538451833572e+03 1.650705728804515047e+03 1.661527660415015362e+03 1.243486340730105667e+03 8.793984041852789915e+02 1.297185117144173546e+03 1.228387847567104018e+03 6.850090587102866948e+02 6.788755859219479589e+02 4.553225843799917811e+02 4.747655228523503865e+02 9.190602408885065415e+02 9.719576492474882343e+02 7.401839709484153218e+02 4.869099401722418747e+02 2.760637865617474631e+02 3.990069565181628946e+02 2.960703992300725531e+02 3.207932676119664757e+04 4.404554588416873594e+04 7.064459118686268630e+04 2.710489366052227342e+04 1.458832923366846808e+04 1.575285388810530640e+04 1.402113696631972016e+04 7.134533269193057095e+03 2.578515921704654374e+03 6.368489360104131265e+03 3.509620547990762589e+03 9.899194975956415874e+03 1.059481199845130323e+04 7.778464433692731291e+03 2.421201084095141141e+03 3.185732079844761302e+03 5.430917282734762921e+03 3.882405838271630728e+03 1.727548887077643656e+02 -5.491131402131787809e+02 1.969586043764691340e+03 3.189368043767792642e+03 1.107597725719815344e+03 1.488187352099304917e+03 1.693574163534481386e+03 1.550675366394363891e+03 1.127861719019520706e+03 -4.428790395490337772e+01 1.346791655285036541e+03 5.850261801895079543e+02 5.041201676056243741e+02 8.492205011420377332e+02 6.541962777398387061e+02 9.988905429800589673e+02 -2.690943445825150775e+02 4.304353829667407467e+02 4.085147686745055466e+02 7.606050596053015624e+02 5.246586376862366023e+02 8.066857361001932532e+02
3.308334890241133508e+03 2.756737956754206971e+04 3.430366003663845913e+04 3.028161247761148479e+04 1.834083813476488649e+04 2.144906891635655484e+04 8.090466860829004872e+03 9.395876720468560961e+03 8.098877649355359608e+03 7.450567229899987069e+03 6.111709572757112255e+03 5.856310244783017879e+03 7.918063632861768383e+03 2.605843470559726120e+04 6.887572485331418648e+03 2.290847135672960121e+03 2.531261862260402722e+03 1.825784437172438174e+03 2.015613315722527432e+03 2.146513057951742212e+03 2.377907061321803667e+03 1.487302880228509139e+03 1.375052025382743750e+03 1.291365422132245385e+03 1.485402495420455807e+03 1.072950526295201826e+03 1.146574386900754462e+03 8.885057828888125186e+02 9.282882750004832815e+02 9.658943998285809585e+02 5.661382679527448545e+02 5.280169368008934043e+02 6.034338786576594202e+02 8.220911311305869731e+02 7.459561366161119622e+02 6.235516899459490787e+02 3.953875758572898462e+02 4.840354631581878948e+02 6.881030536716481265e+02 2.975242385316015543e+02 9.716515877581003588e+04 7.483207970600474255e+03 -6.334305767265454961e+03 3.999892804529333080e+04 1.003173153529392039e+04 3.255117271319807332e+04 4.670248246923757506e+03 5.283579757788646930e+03 4.962102864375482568e+03 6.580625133077868668e+03 3.170552800667239808e+03 4.221457782077807678e+03 4.441069275355478567e+03 5.675987674573552795e+03 5.980813327598537398e+03 6.774927173917484424e+02 3.587428079275879554e+03 1.968029475285743274e+03 8.768818866006895973e+00 2.326308917315494398e+02 1.270543765432955979e+03 1.611958854258648671e+03 1.305048844736446881e+03 1.883119813575214266e+03 6.370929773991183538e+02 1.896120141908704397e+02 6.601905586279265208e+02 1.739153769930999545e+02 9.818274990758936838e+02 6.708383857604266041e+02 6.540649499010369254e+02 2.422192851360688621e+02 9.712094644612814136e+02 7.747401816014038332e+02 -1.178009100127738975e+02 -5.061175339140628182e+01 2.575163883200099235e+02 3.567680603545298368e+02 2.231045638628215215e+02 5.540232090954482373e+02
3.349415540662606509e+04 4.323835255922352189e+03 3.598282235367386602e+04 1.225094103808685395e+04 2.725076021731347737e+03 1.287496389403253852e+04 1.006005794466080988e+04 8.924827727896157739e+03 7.280526761871673443e+03 5.804982118848189202e+03 4.851660829061554068e+03 4.841013380005627369e+03 4.165021659102472768e+03 6.887572485331418648e+03 1.857742392706403916e+04 3.370064403962159759e+03 2.335755215097942710e+03 1.413384338913737793e+03 1.738677856995829870e+03 1.835687529547898521e+03 1.970091541598021422e+03 1.396769837362537601e+03 1.082248639038826923e+03 1.101458849047554850e+03 1.176276369586756346e+03 9.243299640269921156e+02 8.875601729925203927e+02 9.850428121297396729e+02 8.383149595160911076e+02 8.076763674705854328e+02 5.673453312857594710e+02 6.021626995448373236e+02 5.706949955680946687e+02 5.841778221864738043e+02 6.294203990373989654e+02 5.500598126091963422e+02 1.476504162719958515e+02 2.900672316581280370e+02 4.200598546994503977e+02 3.902575050611831102e+02 7.445005571146217699e+04 -5.278417926377298136e+04 -2.393446614935207435e+03 1.326136578024890514e+04 5.355299399314650145e+03 2.134428845986818851e+04 1.410028689301111262e+04 1.028617762959032916e+04 7.887306988003918377e+03 2.281180453298433804e+03 6.763332027001489223e+03 4.557684836306299985e+03 5.578839436040512737e+03 6.871627872558849049e+03 4.771900482771915449e+03 2.892115399845963566e+03 2.852795261605986980e+03 2.787260855534455004e+03 9.250993616443839755e+02 2.373429101260812786e+02 2.542978599988019596e+03 1.616918761853597516e+03 5.538154418988963243e+02 1.201663539716022342e+03 1.079262815924100323e+03 4.983717509181156515e+02 8.932380429929131651e+02 8.756075405715228044e+02 9.976644740117100127e+02 7.721980923746684766e+02 4.936300586948299838e+02 6.216757353752500421e+02 4.164964093162439553e+02 -5.935288272855133052e+00 1.167913213509908559e+02 1.611845790883981806e+02 4.420299164247387012e+02 2.272739875605994087e+02 -2.622277966157152491e+02 1.852771986658588048e+02
-2.334159282409011939e+04 3.657270019404387858e+04 1.376608361177669576e+04 1.903277776521206397e+04 3.560445900646417385e+02 8.213550990591114896e+03 7.735431561917262115e+03 5.800605502036861253e+03 5.196319467408132368e+03 2.569347209725598987e+03 3.180144824773966320e+03 3.064244522660749226e+03 2.798906825387375193e+03 2.290847135672960121e+03 3.370064403962159759e+03 1.417375756166161045e+04 3.981376249162657587e+03 1.390016364682832545e+03 1.889729800576707248e+03 1.410946216623897726e+03 1.742035669911690093e+03 8.299521254809254742e+02 7.678241118189508825e+02 8.571877371523047486e+02 5.875473620185015307e+02 5.086491485254933878e+02 8.820018838038306512e+02 6.514557965734140907e+02 5.998266608109421441e+02 6.223009978815988461e+02 8.271100397886424389e+02 6.931171860216032883e+02 2.829870574909658671e+02 2.595303487749809506e+02 2.632404147344885246e+02 3.670191701763740184e+02 2.823249368729370303e+02 3.572664985566998439e+02 4.334218350228386498e+02 2.691696089406731858e+02 -5.452818152346391435e+04 -6.975954668258080346e+03 -5.498709278535523481e+03 8.450048248112045258e+03 -1.114906035202336898e+04 1.979964066652442125e+04 1.933078229159539433e+03 8.666070285670231897e+03 6.989631490042749647e+03 9.257371504296175772e+03 2.435337067317917445e+03 3.575677292902920271e+03 2.809588719495636724e+03 2.655392987542541505e+03 5.522713656520485529e+03 2.127290158466231333e+03 2.382760095308007749e+03 1.350893003264368417e+03 -1.365611112153868874e+02 1.237606460485735624e+03 1.624012755513213961e+03 1.494521180091348242e+03 -5.983935529251200336e+01 -4.137187117381368466e+02 1.284305929225225782e+03 9.174014952143526216e+02 7.451254180440379571e+01 3.140825188000174535e+02 1.452920667999295858e+02 5.820837030709972169e+02 4.280563036484740564e+02 3.546961612346627248e+02 8.674517506015477011e+02 2.325222595179456562e+02 6.588123922717478536e+02 2.715787406210899348e+02 2.796295441984198078e+02 1.653755881363065328e+02 3.397458118278402708e+02 5.064003831153766555e+02
1.969135948377016757e+04 3.390480306312075118e+04 2.072434731180215385e+04 1.083375496428567567e+04 1.063977498682770056e+04 4.688672700992921818e+03 8.035237656284914010e+03 5.431436753252591188e+03 6.489895727208098833e+03 3.312496488316913656e+03 4.861035901359356103e+03 4.249937789818869533e+03 3.881622601693126853e+03 2.531261862260402722e+03 2.335755215097942710e+03 3.981376249162657587e+03 1.187713356993599700e+04 2.538194529777872503e+03 1.294604315083284064e+03 1.305864482862701834e+03 1.192551945890380466e+03 8.777100317807247620e+02 7.479713079024770650e+02 8.532454977412743347e+02 1.020594488837197787e+03 6.414072691846988619e+02 6.810763141421770115e+02 7.506382296135310526e+02 8.439477290838790395e+02 5.287004840959958756e+02 7.777218102527797328e+02 4.275260413627221965e+02 5.216313006826538867e+02 1.904060275363996482e+02 3.921169829307179953e+02 3.035387845764926169e+02 2.393192754250772794e+02 2.296587511396213301e+02 2.499402608400502857e+02 2.192590015886854928e+02 4.221420310638413866e+03 -1.124345346765085560e+04 7.948095113941405543e+03 7.795074603872971238e+03 1.447374460618541661e+03 7.592165333071156965e+03 6.498242847271606479e+03 8.860329966053310500e+02 5.449749573914785287e+03 3.206604214509012309e+03 4.828910124185533277e+03 1.674834488926856011e+03 1.966179999698256324e+03 2.295655211428452731e+03 1.972886702799605928e+03 2.623324743560286151e+03 1.927578313269980072e+03 2.903056977267167895e+03 6.730734189504427150e+02 2.034147803764230105e+02 1.865906100213650234e+03 1.080296733070543496e+03 2.274250408978331564e+02 -1.037670917264431409e+02 3.712575772427121592e+02 1.393660486996975010e+02 -2.033111232224237312e+02 3.983313185040963162e+02 4.659290989539072143e+02 6.208223772350110039e+02 3.955860232811043034e+02 5.096675461664128193e+02 3.816899766565294954e+02 3.346338757231957288e+02 4.062045773091026035e+02 4.344097836735305123e+02 5.484332997262771414e+02 4.566983942417517710e+02 5.645094943807291656e+02 5.426961126858556099e+02
-4.779442726856201625e+04 2.208499036461747528e+04 3.717417300269088446e+04 1.255775686578495515e+04 5.929735863974492531e+03 5.415695161706322324e+03 3.188093156979709875e+03 6.567287109362817318e+03 4.865982230181677551e+03 3.157328174746958211e+03 2.959805828481267326e+03 2.597745286023699009e+03 1.737893649297321645e+03 1.825784437172438174e+03 1.413384338913737793e+03 1.390016364682832545e+03 2.538194529777872503e+03 9.996777453541712021e+03 2.860015730138497020e+03 1.199837329577355604e+03 1.566530914100287873e+03 1.062582703066178055e+03 9.027104454508707931e+02 9.487849014038513360e+02 9.584524434229400640e+02 9.326160833608771554e+02 9.388625559266668006e+02 6.239095029416887428e+02 4.784046019834444792e+02 6.384009143415878498e+02 5.883199738635046288e+02 6.061940388863598628e+02 5.125553384471007803e+02 4.533526836575502443e+02 5.405952032076521618e+02 4.540756349553137738e+02 4.647532777510999153e+02 2.765331699633085805e+02 3.732507796031268299e+02 2.238942558721207945e+02 -3.614571597423121420e+04 -1.332821909273263191e+04 1.235249505576622687e+04 6.102256163385371110e+03 -1.805576532317447345e+03 7.524271133145298336e+03 1.042281188439174730e+04 -2.211357854667655374e+03 3.191592070371419595e+03 3.007583524170533110e+03 3.544508856531957008e+03 1.895982003233646992e+03 -3.589552602360296305e+02 1.383683605737355492e+03 6.702831623277128301e+02 3.704269281895255403e+02 1.896526873489182208e+03 1.563308368741728145e+03 2.208134291293833940e+03 1.754420740488923229e+03 1.218946963723813724e+03 9.422381677481737370e+02 4.619718644484589731e+02 -1.364140261154393556e+02 3.748217311145832582e+02 7.034263712679303353e+02 3.396026848501658151e+02 7.033136989285850404e+02 4.505632093113248402e+02 5.186339611225234876e+02 1.536420739973345917e+02 4.895358404065988225e+02 2.177428254714578486e+02 1.265856233910301114e+02 2.012695934512857150e+02 1.103177028281881888e+02 -8.959702604748967758e+01 2.051853519928902188e+02 -8.290555670592360116e+01 -1.383672502752725819e+01
4.148051329928344785e+04 3.713189083488813776e+04 2.159737313848055419e+04 7.196276895267821601e+03 1.017948119930607209e+04 6.742868020244143736e+03 3.785164643656644785e+03 5.646329709074887433e+03 4.194601590743745874e+03 3.117130956456342574e+03 2.652915853408463136e+03 2.925834995863074255e+03 2.189529115587370143e+03 2.015613315722527432e+03 1.738677856995829870e+03 1.889729800576707248e+03 1.294604315083284064e+03 2.860015730138497020e+03 8.242699528006440232e+03 2.195432781930828241e+03 1.288841097533656239e+03 7.811358704627295992e+02 6.442262791921046983e+02 9.172488469906217006e+02 5.906759202229025050e+02 6.861962898805402347e+02 7.009898322512201503e+02 7.328490672527995002e+02 6.231179923974276562e+02 6.705769028130021070e+02 5.444033927361474525e+02 5.518014097482614488e+02 5.491673280843516523e+02 5.173910384272319334e+02 4.242413198920189075e+02 3.486157867349456865e+02 3.398753962671639783e+02 3.736723562232234030e+02 3.626537738831950151e+02 2.946401866857187315e+02 -7.235114120477942924e+04 -2.985740357554049842e+04 1.120715403341355704e+04 -5.171058363825457491e+03 1.248875479150628598e+04 9.169926316202936505e+03 -1.019353094941675863e+03 3.174415455490741806e+03 3.623975693039509679e+03 4.564501902456436255e+03 1.832385946175239155e+02 5.607262444677259055e+02 -3.234691791105483958e+02 -2.340670855144850293e+02 1.998277443142439097e+03 1.138081951325611044e+03 6.300904027836094201e+02 1.110994450026404138e+03 1.422986378608795121e+03 2.039220216859618631e+03 1.447237814893277118e+03 9.037079303978625830e+02 4.209604703231421468e+02 1.347610864560557218e+02 1.006377806884487882e+03 7.571680463219867079e+02 5.177995237353027846e+01 3.879130039664928518e+02 3.049024374552832910e+02 5.305373756898076181e+02 3.554880648432205703e+02 -2.325065085549751842e+01 1.337324894486020241e+02 1.542003161873636543e+02 1.596760013109481946e+01 2.258737871648387738e+02 -6.736505029765939412e+01 -4.007289472693444310e+01 -1.063383873259279255e+02 2.511027453063684902e+02
