4.879709289410851002e+08 5.642441257253901660e+07 7.284720273650319315e+06 -7.908401966329907300e+05 -2.904545575222065672e+05 -4.009689651211019373e+04 4.564817870018952526e+05 1.549140633903291309e+05 3.636822707750956761e+05 3.325254463523635059e+04 -2.008746091688498855e+05 2.665460096729226061e+05 4.243893911556134117e+04 -5.191430837950835121e+04 9.698022297469584373e+03 -1.023349798087031377e+05 5.799561376401738380e+04 1.392179108826614683e+05 9.140584635463055747e+04 3.758652376570404886e+04 -3.090571546979904724e+03 -4.434950569629578240e+04 4.906368103643834183e+04 -6.877609094058060145e+04 -5.453319456714249827e+04 -3.675847008049090073e+04 5.412263154428856069e+04 2.587698024230579540e+04 -7.382185630800499348e+04 -7.986359353640495101e+04 -6.580639204711978891e+03 -1.738321248427715182e+04 -2.419274364583547867e+04 -6.366006595713030401e+04 -7.722962949301839399e+04 -1.322004873932070404e+04 -1.771342868287089004e+04 -3.743261346548652364e+04 -6.302104198636982619e+04 -9.508619793831529387e+04 2.279458214449807629e+07 7.548090627215817571e+07 8.037811877854163758e+05 3.829690806193102617e+06 1.063992116520312848e+06 2.373595168319381773e+06 1.463737239962477470e+06 1.343125464860362932e+06 6.404746189078947064e+05 5.671719181997097330e+05 -1.099199986189443152e+06 -8.484731805190008599e+05 -2.586030759833328484e+05 -6.310568786629636452e+04 -3.467037543946775259e+05 -1.408691375908999762e+05 -1.376037173159504600e+05 3.395907599734674441e+05 -5.151703096784318768e+04 -1.180667976692900702e+05 -1.212122814870034927e+05 -8.725759244640577526e+04 -1.983942598747693701e+05 -5.406650317187152541e+04 -2.052238458502497815e+05 -2.026854468703441962e+05 -9.049575816615004442e+04 -1.788067376512244518e+05 -9.963744418052987021e+04 -5.837252341332767537e+04 -3.820519250816934800e+04 -2.263483149248299887e+05 -1.020349583267018024e+05 -7.724964794355463528e+04 -1.152816841383515275e+05 -6.726057398570005716e+03 3.695417655221789755e+04 3.394476750799910951e+04 -6.815604509700094059e+04 5.232637426781602699e+04
5.642441257253901660e+07 8.664246747348502278e+07 1.414526418917214125e+07 9.092407273517630529e+05 8.116370250041121617e+05 4.140888569916361012e+05 6.111892142001699540e+04 6.521692476729850023e+04 2.523211326775260386e+05 1.375760897899505799e+05 6.202592534739975235e+04 1.898955792148641485e+05 9.421811539136031934e+04 1.072367854829210992e+05 1.415069712566288945e+05 7.858210086321998097e+04 3.591080068821980967e+04 7.253865249493927695e+04 -5.736673659081491223e+02 3.943684632941288146e+04 3.135845943095306575e+04 2.239581220281561036e+04 -1.611850248169151746e+04 -3.221823211938497843e+04 1.135682546134592121e+04 -3.606069279632981306e+03 -9.457850067802461126e+03 -2.493331755438492837e+04 -4.772807948910117375e+03 3.288225978466983179e+03 2.455637020748763007e+03 4.118689904343783383e+03 -8.827641394570682678e+03 -5.293284931049680381e+03 -2.270352862961962455e+04 2.078177351903073941e+03 -1.535459928435281836e+04 -3.950418502075684501e+03 -1.982804655490279765e+04 -2.457366350358404816e+04 2.006403017903081700e+07 3.522397726801116765e+07 1.919613406807640940e+07 1.361519317800570978e+06 9.443494747393563157e+05 2.679902783920544898e+05 -1.182025681638314389e+06 -3.306573817367806332e+05 2.372755604111727444e+05 1.835066612574278843e+05 1.018073934845300682e+05 5.854383246231568046e+05 2.273533679714711325e+05 1.018079032209994330e+05 2.541657472509456056e+04 7.518340185695393302e+04 1.482202598789237982e+02 1.396932036059577949e+05 -6.939037937307506218e+04 -1.433918742063176178e+05 -8.182804792793974048e+04 -9.393256559605320217e+04 -1.054036263228578464e+05 -1.301304783706572780e+05 -3.432079399311005545e+04 -8.709959672658449108e+02 -5.303001073353454558e+04 -8.192245649010142370e+04 -6.962862251439051761e+04 -8.996127534285886213e+04 -3.691096094001526944e+04 -6.665789649849603302e+04 -1.555368025003366347e+04 -6.703116506771712739e+04 -1.133710135915214050e+04 -1.272672461628375640e+04 -6.490946403653416928e+04 -6.319765213440986554e+04 -4.736220304274361843e+04 -2.227337610764643614e+04
7.284720273650319315e+06 1.414526418917214125e+07 2.710101619820029661e+07 3.062962170389185660e+06 6.781661782471326878e+05 2.721299575591872563e+05 -2.155848060105196491e+05 1.886000780643234611e+05 1.501154617160188500e+05 2.596371405175088148e+05 2.627869196853248286e+05 6.936986327325330058e+04 -1.142228686120329075e+04 4.173340902408761758e+04 1.053329351428384507e+04 2.533719437612695037e+04 7.591973813023584080e+04 2.401030444254870963e+04 2.089868385829965337e+04 9.969686124808980821e+03 -4.676870361907655024e+03 -1.256600479884829656e+04 -5.479500026249797884e+03 2.348957689414146898e+03 -1.609211424875182274e+04 -1.781239978609107857e+04 -2.109535205297764696e+04 1.038831783756949335e+03 5.417390089383946361e+03 5.766452773891267498e+03 1.321764816498888467e+04 -1.613846489156796088e+04 -1.453905747772154064e+04 -8.487921147720935551e+03 -1.480458240621703590e+04 -5.232701040709773224e+03 2.163307972760329960e+02 -3.958176751569513272e+03 -6.025549597664565226e+03 -1.642647253476296828e+04 3.546290899766467512e+06 1.135210942820858583e+07 1.284570283404468745e+07 5.576497742864285596e+06 2.883713118896349915e+05 -9.898834064129832768e+03 2.775422470858696033e+05 3.544094816116986331e+05 1.989222873489397170e+05 4.719064210764079471e+05 2.298519184552750958e+05 1.290727632064305071e+05 1.375662340485404275e+04 -3.745705070417671959e+04 6.373352707198677081e+02 8.815809085052560840e+04 1.125203894213650783e+05 -4.759572520411758887e+04 -3.620880900774011388e+04 -4.033835267726346501e+04 -3.282005397654954868e+04 -6.698515201575844549e+04 -1.747735972476367169e+04 -3.913353420466441457e+04 -4.262957567737859063e+04 -2.611427147047750987e+04 -3.828503728015830711e+04 -7.847804435973246200e+02 -3.421318905205234842e+03 -1.568857877394979187e+04 -2.616015757595773539e+04 -2.791490834465319494e+04 2.026021778585917491e+04 -1.338067400333540354e+04 -8.243937978024379845e+03 -1.189878994629731642e+04 -4.445049894265341572e+04 -2.943179157510674122e+04 -1.481135892315693309e+04 -2.338210938650251410e+04
-7.908401966329907300e+05 9.092407273517630529e+05 3.062962170389185660e+06 9.273691588339017704e+06 1.441129203254742082e+06 2.080291362070450559e+05 3.793438565089398617e+04 8.046938106977086863e+04 5.019889403282806597e+04 1.391815326673003146e+05 1.321718855038741021e+05 3.399273448103273404e+04 3.884005207940394030e+04 7.554392320283020672e+04 5.392212349984920729e+04 1.880775096773197947e+04 2.399306812570666807e+04 3.590363859294991562e+04 3.159970854567151036e+04 2.352698545138126065e+03 3.341694297572275536e+04 3.064009756228577680e+04 1.991955523672163690e+04 1.795719793905346887e+04 1.464412340742118249e+04 1.091903815778941498e+04 4.221011635477292657e+03 3.305536953482111130e+03 7.173276818933651157e+03 6.740164252875760212e+03 5.205706540145535655e+03 9.008523884688001999e+03 5.001002470185215316e+03 3.313965684341961150e+03 -3.245603055496823799e+03 3.166897867947687246e+03 7.954499674173573112e+03 1.954071460399243961e+03 1.649010004880752831e+03 1.566455462818046044e+03 -2.995663867204888724e+06 -1.750114925744132604e+06 4.413054987292977050e+06 4.431980703405770473e+06 1.686089129551282851e+06 -5.007366086150499882e+02 1.544577855390592595e+05 -2.424269838362818118e+05 1.260760972609310265e+05 2.257506972566989716e+05 3.825245230882379838e+04 4.612997415433040442e+04 5.364472227201546048e+04 3.419243616406437650e+04 7.049106738911337743e+04 3.363255729454294487e+04 -3.467941785410856392e+04 4.686244360094783769e+04 1.050671432682424056e+05 7.126738142684586637e+04 2.649840982837152842e+04 -2.231846512987527240e+04 2.984084952311154120e+04 -7.731127715433989579e+03 -3.628019614055154307e+03 1.581116895105808362e+04 9.670782857743446584e+03 6.771832203520086296e+03 8.840555506344329842e+03 -1.423882402337318672e+04 -1.190100488568691071e+04 -8.147383374354044463e+03 1.335816594393124251e+04 -1.227230525284719988e+04 -5.578533096960371950e+03 1.166535792895180566e+04 3.651317450919123075e+03 -1.960986052441079210e+03 2.930121835537727293e+03 -8.964212663719252305e+03
-2.904545575222065672e+05 8.116370250041121617e+05 6.781661782471326878e+05 1.441129203254742082e+06 3.406169419926049653e+06 6.796903006516278256e+05 8.495477022262873652e+04 9.792282660668702738e+04 5.549249463875636138e+04 9.954113092691087513e+04 6.226644400128648704e+04 2.679946340497642086e+04 2.075821147146874137e+04 2.056911952965925229e+04 1.665444348130463186e+04 4.505993476869257574e+04 3.881543088655877364e+04 3.135565159063843021e+04 1.304604124676244828e+04 1.614968960377906114e+03 1.756361032471082581e+04 1.202863658920839407e+04 1.097733405188913639e+04 7.955356754382183681e+03 3.635949767261852685e+03 8.007200569431747681e+03 2.901724132952181662e+03 4.236972702643376579e+03 5.145456776659394563e+03 -8.077432061707166213e+03 6.499854693710805805e+03 2.910798981073767209e+03 -4.243863020034204396e+02 -8.667963031890093362e+02 6.043475598183035657e+01 1.891617103183605650e+03 -2.412661750780372131e+03 -1.338317485700631551e+03 -1.737090020678159590e+03 -2.308086595608374409e+03 1.526842591750324005e+06 1.511792318039990962e+06 9.949373371660867706e+05 9.275555937640843913e+05 1.179480515673644841e+06 7.586083362566742580e+05 1.070244451398934616e+05 5.414435966038499464e+04 1.910382393187483540e+05 1.414385244632978574e+05 3.178985474817015347e+04 3.116257529485796476e+04 8.578525295119414295e+03 -2.506715159031948588e+03 -2.597627428108853564e+04 5.707469523472007859e+04 3.498529101008630096e+04 1.759736891970006400e+04 7.362347589988991786e+03 1.372025590975676641e+04 -2.197975822446823076e+04 -1.584150682059045721e+04 6.524702981030904084e+03 -6.369283086847968661e+03 7.069556331158786634e+03 2.744522440458336405e+03 -5.205671994494399542e+02 7.938928513401965574e+03 5.452025235736504328e+03 4.179992011342959813e+03 1.395570169285965903e+03 9.844156735034565600e+02 -6.703573105569917061e+03 -3.396964014032583691e+03 6.314335420009138033e+02 -5.461755633922815605e+02 -6.516122690791089553e+03 1.090572038924877006e+03 4.055765391401717352e+03 -7.230466565619411995e+03
-4.009689651211019373e+04 4.140888569916361012e+05 2.721299575591872563e+05 2.080291362070450559e+05 6.796903006516278256e+05 1.824692492248963565e+06 3.846160857809338486e+05 1.350540645525140571e+05 4.820185617433803418e+04 5.857371950261332677e+04 7.180399922967796738e+04 6.108353200174208905e+04 2.613767914465949434e+04 3.844335685477423976e+04 1.502413020180768945e+04 1.226102500656219490e+04 2.638240150474769689e+04 2.634183878929472121e+04 2.330101278892962000e+04 1.932801422278974132e+04 1.423050190205149556e+04 1.087038318162908945e+04 1.102988591986989923e+04 1.287437085969697728e+04 9.421842743177090597e+03 5.000521420205541290e+03 9.447600659585461472e+03 6.970899500816238287e+03 7.648895459419529288e+03 4.831697314275264944e+03 5.158445341544603252e+03 7.424814106016662663e+03 2.903864018786303859e+03 -1.114028848125562945e+03 3.362930124782117673e+03 8.187965017191811967e+03 4.437172029277054207e+03 5.137579016762429092e+02 2.224398463904967684e+03 4.592181163402900893e+03 -3.393108998122656485e+05 -1.388885636453008745e+06 1.887435777032668411e+05 -1.991252630580725090e+05 6.612148789100807626e+05 9.783906336820686702e+05 5.176299775823251694e+05 4.242168484303735022e+04 -9.857570833277528436e+03 7.267707909456617199e+04 6.564476106580297346e+04 1.173285831232420314e+05 7.089068519104346342e+04 6.276505414234495402e+04 3.847875471349601139e+04 5.011392305925786786e+04 2.269871547221153742e+04 2.807893593980713194e+04 1.706108936427554363e+04 -1.249927246861112280e+03 -5.089404435527541864e+03 1.861338805339475948e+04 2.215865406693673867e+04 -2.284538673264150020e+03 9.613063888519179727e+02 1.167073112602065339e+04 4.204293336482787709e+03 7.081827055316871338e+03 9.110336496113418434e+02 -1.097957842730664879e+03 -1.681241702405331182e+02 2.365605975129100898e+03 -5.329128088453095188e+03 1.509993461498007491e+03 1.044397332343259586e+04 4.510991772785866488e+03 -3.873696031823349585e+03 -4.467595949921912506e+03 2.302286314576363395e+02 5.646326761762532442e+03
4.564817870018952526e+05 6.111892142001699540e+04 -2.155848060105196491e+05 3.793438565089398617e+04 8.495477022262873652e+04 3.846160857809338486e+05 9.935370190372230718e+05 2.269672673172839859e+05 4.731483215900525829e+04 3.756436082688630268e+04 3.970864316608018999e+04 3.375496478860294883e+04 3.463226813857900561e+04 2.661342282260301727e+04 2.809808908422577224e+04 2.362908930864013382e+04 1.823019976050527112e+04 1.673746477517956737e+04 1.582242211988911185e+04 1.795142665426693202e+04 1.721727311649218245e+04 1.273142007388572347e+04 1.024663518766125708e+04 8.941350614743752885e+03 5.832681122984847207e+03 4.764138819522278936e+03 8.578573436931535980e+03 4.558517444293010158e+03 1.624194632904203672e+03 2.925438922337111762e+03 3.591404881456196108e+03 5.187082435426470511e+03 5.359688375323456967e+03 -6.952384489595327750e+02 3.064625672841844334e+03 4.530699841745084996e+03 3.527058566315306507e+03 7.648539015731394102e+02 1.932335135299005060e+03 2.039070617098650928e+03 5.171220169561590883e+05 -1.035339829455869156e+06 -4.895159231345326989e+05 -6.258869229785321977e+02 1.212716968440808414e+05 3.876802844433353748e+05 4.477141701372564421e+05 2.312425675371218822e+05 -2.717738841864851202e+04 3.935823797647277388e+04 3.872820932417407312e+04 6.263528502510280669e+04 3.662846126384125819e+04 4.872719464851113298e+04 3.012318787999313645e+04 2.442896728622975206e+04 1.776269274424580726e+04 2.421583607300481890e+04 1.238750799498562446e+04 1.537452687238736326e+04 -1.146665381255190141e+03 1.843228795946132595e+04 1.286609245526429186e+04 1.060723200173195255e+04 4.087107912434261834e+03 8.308743009099918709e+03 6.852733204717492299e+03 5.240166609047083512e+03 7.719401464768256119e+03 4.393483806481181091e+03 6.099172868782535261e+03 -1.762647169593440822e+03 7.410844780965942391e+02 8.793444210825597111e+03 3.184035378710448640e+03 4.543123997798951677e+03 7.039340190399818312e+03 -1.360927282114863829e+03 1.092206826178388837e+03 2.761957640945856383e+03
1.549140633903291309e+05 6.521692476729850023e+04 1.886000780643234611e+05 8.046938106977086863e+04 9.792282660668702738e+04 1.350540645525140571e+05 2.269672673172839859e+05 6.488771808974406449e+05 1.476227087816804706e+05 3.702287715189891605e+04 3.016520803880328458e+04 2.499087241024352625e+04 2.914002532809119657e+04 2.723484013424407385e+04 2.645987995652261452e+04 1.789920651245242334e+04 2.477244614206038750e+04 1.770366564904741244e+04 1.559293710812295467e+04 1.404323757373322587e+04 1.581537544146883374e+04 1.361925986671158353e+04 1.217054203558066547e+04 8.070837098984267868e+03 6.634835225183808689e+03 9.109203876784158638e+03 7.293697995786614229e+03 7.003284907872918666e+03 4.728870387655489139e+03 5.906893641264740836e+03 3.159080672989302911e+03 4.389553195322351712e+03 1.214550048214892740e+03 1.407778482567530091e+03 4.302680903862603373e+03 2.211037532291843945e+03 3.254646201553518949e+03 1.787468753674262871e+03 3.086562177529712699e+03 2.733294429488310925e+03 7.986578878378375666e+05 1.889988410120280605e+04 -2.617731575995515232e+04 1.539156319654078688e+05 1.233575614512465836e+05 1.260478557454446709e+05 2.625084289788224269e+05 2.480349217775033903e+05 1.189641256169248954e+05 5.796160361456334795e+04 3.711349193073895003e+04 4.743080202038191783e+04 4.397547082112538192e+04 5.014504861262325721e+04 4.236633972451488808e+04 2.359343104371543450e+04 2.019731070079003985e+04 1.435549596760011445e+04 1.388367906860922994e+04 1.398297893674870647e+04 4.061072505110427755e+03 1.532253910719243868e+04 1.204717201633521108e+04 6.390391663839733155e+03 7.663271628089426486e+03 2.773881796249712352e+03 6.316047852261008302e+03 6.060892396132889189e+03 4.939840679827439089e+03 5.724490251061431536e+02 4.684532134155165295e+03 2.337461438270997405e+03 3.846353133413950218e+03 5.618044650935657955e+03 2.768000500819282934e+03 2.962031421267941369e+03 4.139893418522709908e+03 1.870447692531477912e+02 7.395120004864011207e+02 2.508001448871603316e+03
3.636822707750956761e+05 2.523211326775260386e+05 1.501154617160188500e+05 5.019889403282806597e+04 5.549249463875636138e+04 4.820185617433803418e+04 4.731483215900525829e+04 1.476227087816804706e+05 3.666567376020171214e+05 9.414601858389159315e+04 1.738063044060921311e+04 2.335223126535957999e+04 1.750502682390597693e+04 1.598876849929296077e+04 1.811348011235887316e+04 1.545150415652909396e+04 1.564142131810469436e+04 1.275320020683917755e+04 1.312217815856795823e+04 7.869657735334026256e+03 9.722706936747816144e+03 1.291531638749348349e+04 8.805634100690980631e+03 7.798265132622942474e+03 5.014771806762035339e+03 5.751174927987152842e+03 5.474399447063862681e+03 3.416192303954869203e+03 3.193967394846598381e+03 4.910106699486524121e+03 3.992538622155949724e+03 3.723394698393167346e+03 2.559812351497617328e+03 1.357545863179257822e+03 2.900431595130803998e+03 3.524744679621231171e+03 4.307701802277323623e+03 3.823925761062357196e+03 1.934103725928104495e+03 1.596161077717384842e+03 -5.038620846661105752e+05 -2.542507251585350605e+05 1.419747021941515850e+05 1.865072559405942447e+05 -4.154571250435158436e+04 1.341696854506184172e+04 2.707438019683270250e+04 1.252090157602191612e+05 1.806845373714288289e+05 8.562076594609295717e+04 4.247448501994823164e+04 1.603260347615240971e+04 3.961399188436572149e+04 2.623561067255537637e+04 1.957397992406236153e+04 1.257455559427315893e+04 1.573483184040702145e+04 1.564172363284780658e+04 1.619951281345519965e+04 1.002759855550360044e+04 4.151508890441668882e+03 8.180433273514175198e+03 1.106719637186261025e+04 6.471323920037625612e+03 6.439952703710139758e+03 3.292943933800680952e+03 6.894455663140346587e+03 7.591750327992323037e+03 2.569915315400379313e+03 2.787395447573717775e+03 2.195833122283986995e+03 3.193589717744708651e+03 1.507762126065327948e+03 1.121776572552997095e+03 1.653701684917502689e+03 2.457237219572626145e+03 2.937172322175266345e+03 6.314149613202511091e+02 2.164790531763833769e+03 1.789377855523906874e+03
3.325254463523635059e+04 1.375760897899505799e+05 2.596371405175088148e+05 1.391815326673003146e+05 9.954113092691087513e+04 5.857371950261332677e+04 3.756436082688630268e+04 3.702287715189891605e+04 9.414601858389159315e+04 2.497016456046563690e+05 5.705977876985604962e+04 2.517100101779445322e+04 1.979480348207023417e+04 1.558732163775686058e+04 1.411991129475799971e+04 1.358313559454505048e+04 1.632632682617618048e+04 1.205873656700928586e+04 1.015835504055400088e+04 6.983163718439633158e+03 8.496098184628133822e+03 9.533799560332761757e+03 7.288727207637258289e+03 6.179012022956950204e+03 4.398251651152811064e+03 6.366798385171852715e+03 6.127145188981349747e+03 5.280898338511326074e+03 3.201383546371690045e+03 4.549385466387903762e+03 3.716786398228490725e+03 3.199945420692492917e+03 2.179222324958478112e+03 1.029779215988743999e+03 3.346755981794206946e+03 4.231002347247420403e+03 3.901271115457765063e+03 2.690460183889152631e+03 2.035320642028581915e+03 9.689672231297729468e+02 2.233661165581521636e+05 4.430445023053656332e+05 2.334787927015058522e+05 1.871473010164331645e+05 -3.091523601354224593e+04 4.347436718778464274e+04 2.529661412250531430e+04 4.473906886141742143e+04 7.722243199297503452e+04 1.058051946025281650e+05 5.707127500759745453e+04 2.389705772627863917e+04 3.785341004421622347e+04 1.237518852995958878e+04 2.172427933163296620e+04 1.760158126203223583e+04 1.192107706598446202e+04 1.313335160512454422e+04 2.115339416927800630e+04 7.210602326555076615e+03 2.991029569496610748e+03 1.149774426150939871e+04 1.011890346659600800e+04 5.327867063186466112e+03 6.778330186507756480e+03 2.904768815825997081e+03 3.587008569476525963e+02 6.166335453526268111e+02 2.350762576375761455e+03 2.186322153587386310e+03 2.146203187406344568e+03 1.773741090300058659e+03 -1.664455867098754652e+03 1.987377585824851622e+03 3.572000982828788892e+03 2.044912025967229283e+03 -9.370467833765645764e+02 -6.222911773473504127e+02 1.147575651722158455e+03 2.140059309584295988e+03
-2.008746091688498855e+05 6.202592534739975235e+04 2.627869196853248286e+05 1.321718855038741021e+05 6.226644400128648704e+04 7.180399922967796738e+04 3.970864316608018999e+04 3.016520803880328458e+04 1.738063044060921311e+04 5.705977876985604962e+04 1.462251510773923947e+05 3.747502337375715433e+04 1.478404811878389773e+04 1.334783174252047684e+04 1.123146148926300157e+04 1.052794466015050421e+04 1.012348685352662869e+04 1.192669447189564744e+04 9.767049451072041848e+03 4.268016539196919439e+03 6.895322095467571671e+03 7.524957297990839834e+03 6.232063060553299692e+03 7.491473325073839987e+03 5.880695583632134003e+03 4.513046347803774552e+03 4.562670181543079707e+03 4.975881924218615495e+03 4.054653071537122742e+03 4.604039541420215755e+03 4.214423329531118725e+03 3.590471336300394796e+03 3.610760766067615350e+03 1.343204468937855154e+03 2.039754765482229232e+03 3.546794120074369857e+03 3.052923431986816922e+03 1.394319282537240952e+03 2.365744041402232142e+03 1.756240138835431708e+03 2.647997714835343068e+05 3.859318994657419389e+05 2.344550228712530807e+05 2.006247773674398195e+05 3.099577312009140587e+04 4.045249576068524038e+04 8.291911072267193231e+04 3.129135703432750597e+04 2.374380939821479842e+04 5.104873605947769101e+04 5.330348250068216294e+04 3.419756986882808269e+04 8.328463519113453003e+03 7.669401509288451052e+03 1.334754278361641263e+04 1.458888282249395706e+04 4.028374986705241554e+03 4.089310124525690298e+03 5.420017701606421724e+03 6.661556851890320104e+03 5.039591070795502674e+03 4.920706456014299874e+03 5.772224299367498134e+03 3.407805810973517964e+03 5.447805336529791020e+03 7.622266262406391206e+02 1.557531838352320790e+02 2.683000919519352919e+03 1.467561449263784198e+03 1.215289528136519493e+03 -3.027637463640682540e+02 2.833529437576901728e+03 1.122012371640177662e+03 2.767751705398898139e+03 1.902229862752913050e+03 -4.477610298146557000e+01 1.945727869419461911e+02 3.405153298428250537e+02 -5.708982176707593226e+01 6.154286336081008812e+02
2.665460096729226061e+05 1.898955792148641485e+05 6.936986327325330058e+04 3.399273448103273404e+04 2.679946340497642086e+04 6.108353200174208905e+04 3.375496478860294883e+04 2.499087241024352625e+04 2.335223126535957999e+04 2.517100101779445322e+04 3.747502337375715433e+04 1.180304690804276470e+05 3.249873910788815556e+04 1.494734053513539220e+04 1.368867953804796343e+04 1.392161812999180438e+04 9.748910433993807601e+03 1.183209907857563121e+04 6.176338632059195334e+03 3.865987212001803982e+03 6.100909226644756018e+03 6.290566169026427815e+03 5.045621747161309031e+03 5.619237031101668435e+03 2.867903423580516119e+03 3.152930175346157284e+03 3.765334346857178389e+03 4.507438289419093962e+03 4.718395705499328869e+03 2.883649177567008337e+03 2.544385436010229569e+03 2.724748710262314944e+03 2.709521561470837696e+03 1.733288443050047590e+03 2.360733428556961826e+03 2.508903186167701733e+03 2.250376815306652588e+03 1.728812755423120279e+03 2.315912213615495148e+03 1.669728408254828992e+03 2.311340426858934807e+05 -6.293028021041594911e+04 2.617894436178172182e+05 7.442786904163770669e+04 6.033899700850333465e+04 6.934731342639068316e+04 6.975661436499292904e+04 1.885073992934894341e+04 3.270992982569424203e+04 1.221926901023576102e+04 1.470025444567250815e+04 3.654896008695285127e+04 3.562579312286971253e+04 9.413895207278119415e+03 4.347061148859056630e+03 8.386207514032554172e+03 1.157205020798609621e+04 5.782839724239246607e+03 2.930018134740445021e+03 5.606261585407403800e+03 5.075954578725513784e+03 5.795600880803515793e+03 6.281343762194755982e+03 6.011132194767502369e+03 6.511237512996138321e+03 1.960966449142064903e+03 -9.718728624688256446e+01 2.561915058042668988e+03 2.329967291515507441e+03 -4.521737090519577009e+02 -1.646095373403506528e+03 7.606669594977093141e+01 2.274720080138789626e+02 8.931408455611949648e+02 2.185200432008496421e+02 -1.995063284465477409e+03 -2.114424389529560813e+03 -3.150013851440352255e+02 8.817615224692941638e+02 1.688371157075984911e+03
4.243893911556134117e+04 9.421811539136031934e+04 -1.142228686120329075e+04 3.884005207940394030e+04 2.075821147146874137e+04 2.613767914465949434e+04 3.463226813857900561e+04 2.914002532809119657e+04 1.750502682390597693e+04 1.979480348207023417e+04 1.478404811878389773e+04 3.249873910788815556e+04 8.255316468954502488e+04 2.385692857957023443e+04 9.176994684002946087e+03 1.014554533234510563e+04 7.026773804584678146e+03 8.176793294496261296e+03 5.580749818643150320e+03 3.817536522060153402e+03 5.437736138390597262e+03 5.695817597447825392e+03 5.041765893708375188e+03 4.205641167232285625e+03 3.383634782780522983e+03 3.793664350431690764e+03 3.433094584680367916e+03 2.535970532279529834e+03 3.360740304471140007e+03 2.138212448596999366e+03 1.757037411110616858e+03 2.513543654957549279e+03 2.957444119214454986e+03 1.692220129437294872e+03 1.745895648061838529e+03 1.828995728430812505e+03 9.081827975969222280e+02 1.276694988999803854e+03 1.462599555436175706e+03 8.654749077443975693e+02 1.145744899000068690e+05 7.596335690263618017e+04 1.133108374451574491e+05 2.243081888544278991e+04 1.223875375606823945e+04 1.433010735682941413e+04 8.810429055578140833e+03 -6.303073246579203442e+03 2.326762404206855354e+04 4.266562529170671951e+03 1.578891095783740093e+04 2.070277606398228090e+04 3.560194174539492087e+04 2.026894672870424620e+04 5.655754748077691147e+03 9.226176304703147252e+03 9.136625957680727879e+03 1.314361380203354202e+04 5.129971153212760328e+03 9.733301354117698793e+03 3.912239047749203564e+03 3.955577950245128250e+03 6.074474205137649733e+03 3.616582306562482245e+03 1.770761529392704233e+03 3.595943950103223870e+03 1.966717300999069266e+03 3.949615341831716705e+03 3.063249667212622171e+03 1.133923024745907014e+03 1.003533411289920537e+03 1.750922515010281131e+03 9.743909675168507647e+02 1.794945404256568281e+03 1.992557675094491515e+03 8.747144774168118886e+01 1.415358112914891308e+03 -1.784350397267462540e+01 2.514016176109642942e+01 9.520572681754446194e+02
-5.191430837950835121e+04 1.072367854829210992e+05 4.173340902408761758e+04 7.554392320283020672e+04 2.056911952965925229e+04 3.844335685477423976e+04 2.661342282260301727e+04 2.723484013424407385e+04 1.598876849929296077e+04 1.558732163775686058e+04 1.334783174252047684e+04 1.494734053513539220e+04 2.385692857957023443e+04 6.902195260692242300e+04 2.232991404860429611e+04 1.048226279890173646e+04 6.909281672157157118e+03 5.991828066251550808e+03 4.620643790445406921e+03 3.279337757889938985e+03 6.176344911908086942e+03 5.966266246554221652e+03 4.297989085585095381e+03 1.991063434174403483e+03 2.687814766370751386e+03 2.816386112074896118e+03 2.098040818155498073e+03 3.138534904076090243e+03 2.406113358842166690e+03 2.327132430715146711e+03 1.728667319867103515e+03 2.322875112046452614e+03 2.240547448464017180e+03 1.176751968816791077e+03 1.443110941196571048e+03 1.728758482419201073e+03 7.145130454629439782e+02 1.180144661669797870e+03 1.164255721840072965e+03 1.299556989815148654e+03 -1.775167089613867283e+05 7.145326480036914290e+04 4.891499012835989561e+04 4.379105897597115109e+04 6.128174405241977183e+03 3.059831799084683007e+04 3.075858792049692784e+04 1.322352108146374303e+04 2.463693122588578626e+04 1.759708746525344395e+04 4.832200138712082662e+03 1.145746314057817654e+04 2.602455952976733897e+04 2.396551632346407132e+04 2.005911852643365273e+04 5.225485497374274928e+03 3.789380061662142452e+03 7.221385214860252745e+03 1.443018098833322711e+03 5.771725379146021623e+03 2.541244764823723926e+03 2.843547387690781761e+03 2.642665728158620823e+03 7.681408554908148290e+02 7.827866549181546816e+02 3.337554861180565240e+03 2.117707105633211540e+03 3.449443986414235042e+03 3.961730316410188607e+03 3.971038836864526047e+02 1.443762162363907237e+03 1.465284894356752602e+03 6.697436956488487567e+02 2.125187483811637776e+03 1.800238768287819312e+03 1.020031540680721832e+03 3.014035002210835614e+02 -8.449854245615874788e+02 5.989258646551587617e+02 1.206857293003142331e+03
9.698022297469584373e+03 1.415069712566288945e+05 1.053329351428384507e+04 5.392212349984920729e+04 1.665444348130463186e+04 1.502413020180768945e+04 2.809808908422577224e+04 2.645987995652261452e+04 1.811348011235887316e+04 1.411991129475799971e+04 1.123146148926300157e+04 1.368867953804796343e+04 9.176994684002946087e+03 2.232991404860429611e+04 5.112223488653059758e+04 1.605456346246330759e+04 7.507126555872169774e+03 8.398708128080705137e+03 6.195066027245932673e+03 5.442930472418810496e+03 4.491387366973888675e+03 5.611229758368393959e+03 3.286576126891809963e+03 3.076757736743295482e+03 3.844576953573732681e+03 2.640883442804240985e+03 2.485308528424364795e+03 2.130022583851604850e+03 2.656347954234013741e+03 2.519279458427977715e+03 1.934316931506513129e+03 1.856399731594800642e+03 1.720971035235734007e+03 1.011818359027503107e+03 1.607273533811103562e+03 2.077376608465795016e+03 7.559479010668510455e+02 9.584027151121149473e+02 1.161015758519112978e+03 1.096287258176766500e+03 -6.491517186352104181e+05 -8.749379743295184744e+04 1.311892165840928210e+05 2.247837868170419461e+04 2.533771156883603544e+04 3.080269119773897182e+04 3.243897072437102179e+04 2.089051583431805193e+04 2.201297475615775329e+04 8.657598029869246602e+03 8.186203032820289991e+02 9.934462784807401476e+03 1.559334198864439168e+04 1.371510109897251095e+04 1.952697280320587743e+04 1.023982221585482148e+04 5.665074118788023952e+03 5.412297604350831534e+03 3.735641254975316315e+03 2.573418369433968564e+03 4.859241168210359319e+03 5.787333912174400211e+03 2.555129258665282578e+03 4.875317544750848242e+02 2.766353285650513499e+03 2.467913330246088208e+03 2.609085736817208272e+03 2.492924301853363431e+03 4.260764396886375835e+03 2.220960708468065604e+03 3.609545031190291411e+03 3.646404401188119664e+03 1.569192820733412191e+03 2.499900792458082378e+03 2.007509875971168640e+03 6.794038016185434117e+02 1.066635182010501239e+03 3.918823913621211545e+02 1.334109632812103428e+03 1.693819973538203385e+03
-1.023349798087031377e+05 7.858210086321998097e+04 2.533719437612695037e+04 1.880775096773197947e+04 4.505993476869257574e+04 1.226102500656219490e+04 2.362908930864013382e+04 1.789920651245242334e+04 1.545150415652909396e+04 1.358313559454505048e+04 1.052794466015050421e+04 1.392161812999180438e+04 1.014554533234510563e+04 1.048226279890173646e+04 1.605456346246330759e+04 4.082259798105355003e+04 1.130279473574084659e+04 5.893617377848748220e+03 5.082749101814158166e+03 4.046961732109471086e+03 4.424651062355967042e+03 4.614590030821465916e+03 3.220674388311413622e+03 2.683525827189420397e+03 2.831698132366054324e+03 1.993522927400537128e+03 2.827857487373324602e+03 2.415728450209986477e+03 2.008394946272772586e+03 1.716675978167881112e+03 1.608791653898505047e+03 1.367969852726427916e+03 1.757191077120325872e+03 1.181455813678929871e+03 1.279737129066860234e+03 1.688344109049846338e+03 9.859515417494339999e+02 1.291179373875532974e+03 8.515950412617409029e+02 8.659834075833840643e+02 -2.017779197538823064e+05 -1.864871782554312376e+05 6.060666252047439048e+04 2.756924648266034637e+04 4.156904494956220879e+04 6.093463119163229567e+04 3.912660666419288464e+04 3.065071609387615536e+04 1.021021205172897862e+04 6.933214106783697162e+02 2.143186117384069348e+03 2.577321417450312765e+03 3.957976057874935577e+03 5.631165825298377058e+03 9.893153304129171374e+03 9.573505877081170183e+03 8.350316866523009594e+03 4.385757742828887785e+03 2.661299067386332808e+03 5.395612368533229528e+03 2.400616218056447906e+03 3.740788782890161656e+03 2.802682435702665316e+03 1.261260508962765471e+03 2.440463716974692034e+03 2.053359202906396604e+03 1.700926892590554189e+03 1.786203064560877010e+03 2.691711875433794830e+03 1.837095471619164982e+03 1.600858536380530040e+03 9.423551664895602471e+02 8.201494374767651152e+01 1.288894562946806218e+03 7.546694752633032977e+02 1.171923134835750943e+03 3.875609291924540685e+02 -1.661961620777190944e+02 4.316197331287438601e+02 8.193345203988353660e+02
5.799561376401738380e+04 3.591080068821980967e+04 7.591973813023584080e+04 2.399306812570666807e+04 3.881543088655877364e+04 2.638240150474769689e+04 1.823019976050527112e+04 2.477244614206038750e+04 1.564142131810469436e+04 1.632632682617618048e+04 1.012348685352662869e+04 9.748910433993807601e+03 7.026773804584678146e+03 6.909281672157157118e+03 7.507126555872169774e+03 1.130279473574084659e+04 2.789820401675764879e+04 9.670650892172061504e+03 5.932551773760457763e+03 4.420606313864243930e+03 4.438642468472392466e+03 3.760381987996573571e+03 3.494061602742657215e+03 3.205521571175293502e+03 2.469174755274450490e+03 1.826822598749010467e+03 2.649421191314302632e+03 2.196340671093665605e+03 1.831550189873026966e+03 1.617789164651374904e+03 2.088304159035217253e+03 1.870434724906870315e+03 1.727788101750909391e+03 1.278863196342475476e+03 9.888922404307704710e+02 1.425575572555898361e+03 1.194685906780771575e+03 1.064727317665322516e+03 8.495864116981750840e+02 6.110240102243918727e+02 -8.649454619404560071e+04 -2.631812048181921127e+05 4.849784595549483129e+03 4.789500738246125547e+04 2.275759218245089141e+04 1.383715484915174238e+04 2.761178084968234543e+04 1.104387120459471589e+04 1.201606749126566137e+04 6.675096423793213944e+03 -8.577286503299357037e+02 6.915476187272407515e+03 4.562699160720269902e+03 4.079572424301136834e+03 3.664726043533089069e+03 7.146513425023888885e+03 8.281569393885638419e+03 2.660837050135278332e+03 1.663254790554768533e+03 2.190175613242737654e+03 1.109000696078113606e+03 2.653252312557476102e+02 1.436689623427019797e+03 1.340281340576616458e+03 9.703658329401390574e+02 1.636762900869859550e+03 1.333050834566260164e+03 2.204659163821552738e+03 1.470104277533431514e+03 1.810419384459998582e+03 1.608347886746933682e+03 1.930503677061394683e+03 9.941407537874730451e+02 1.534247348236173821e+03 6.128345157966364241e+02 1.519657588917417115e+03 7.420853290594166083e+02 8.428187701103358904e+02 1.163048962107583748e+03 3.002239683933651122e+02
1.392179108826614683e+05 7.253865249493927695e+04 2.401030444254870963e+04 3.590363859294991562e+04 3.135565159063843021e+04 2.634183878929472121e+04 1.673746477517956737e+04 1.770366564904741244e+04 1.275320020683917755e+04 1.205873656700928586e+04 1.192669447189564744e+04 1.183209907857563121e+04 8.176793294496261296e+03 5.991828066251550808e+03 8.398708128080705137e+03 5.893617377848748220e+03 9.670650892172061504e+03 2.559520871621733386e+04 8.365828716736436036e+03 4.231226950765267247e+03 4.401563022552829352e+03 4.424570657235573890e+03 2.925902517515437012e+03 3.253941202638059167e+03 2.587096013898051297e+03 2.215913586662682064e+03 2.663306771376034249e+03 2.300002214588971583e+03 1.933506845597533356e+03 2.035358821423601285e+03 1.813121173347149124e+03 1.788836652063782594e+03 1.595443899079269158e+03 1.100400541953127004e+03 9.334466341811473740e+02 1.538580591273632081e+03 1.229793404140879829e+03 1.213038862130919824e+03 9.354778042294396982e+02 8.888187245738268984e+02 2.489714105939806614e+05 -4.248934172871745432e+03 4.890813491388749389e+04 5.145343870528847765e+04 2.347967594335936519e+04 2.952401752691200454e+04 2.082840770618103488e+04 1.463939648739773838e+04 9.690989286252781312e+03 5.493577424925833839e+03 3.552242641733026176e+03 1.453360610832119619e+03 3.460597024155906638e+03 3.613348570979664601e+03 6.817146839570265911e+03 4.670604168320109238e+03 7.870078175702212320e+03 3.355251645172405006e+03 4.718063519914653625e+03 1.425985475967379671e+03 1.466586019806604099e+03 8.471819332880581896e+02 2.609594748426624847e+03 1.956354560168619628e+03 1.897891450247736657e+03 2.328001506685227469e+03 1.005573323202907773e+03 2.566043472589601606e+03 2.016838093752280656e+03 1.635115145646605470e+03 1.595553181786350024e+03 2.116787377150945304e+03 9.602925687881181602e+02 8.406518535550799243e+02 1.752707709932586567e+03 1.103385091367784071e+03 1.582547401734000459e+03 9.409195626334316103e+02 6.500477673524375177e+02 8.450576399283371529e+02
9.140584635463055747e+04 -5.736673659081491223e+02 2.089868385829965337e+04 3.159970854567151036e+04 1.304604124676244828e+04 2.330101278892962000e+04 1.582242211988911185e+04 1.559293710812295467e+04 1.312217815856795823e+04 1.015835504055400088e+04 9.767049451072041848e+03 6.176338632059195334e+03 5.580749818643150320e+03 4.620643790445406921e+03 6.195066027245932673e+03 5.082749101814158166e+03 5.932551773760457763e+03 8.365828716736436036e+03 2.073409346268690570e+04 6.629590496013343909e+03 3.484295012859894996e+03 3.179964102208821714e+03 2.626531478304005304e+03 2.385879513657085226e+03 1.914740650015299479e+03 2.504282639647340147e+03 2.677138345467832096e+03 1.733847162381185399e+03 1.665231524039470060e+03 1.388975477886926910e+03 1.479959492640867438e+03 1.371644103127963717e+03 1.345062783164030861e+03 1.285731182552095561e+03 1.042723403738663819e+03 1.264895644250196710e+03 1.251810529354853998e+03 8.464139428702097803e+02 8.730801831536464306e+02 5.861927957465786676e+02 -2.240938505418761924e+05 9.335472301358202458e+03 3.412218063638443709e+04 1.778047278059786913e+04 1.136603446089083809e+04 3.794392214899961255e+04 2.617124096339705284e+04 7.534061395454002195e+03 5.450040851140935047e+03 5.013248111387591166e+02 -3.201135262983922871e+02 -1.951426670207234338e+03 4.113382464168527804e+03 1.578993954607420847e+03 3.083145654474964431e+03 3.785014767952983220e+03 3.106131711254491165e+03 5.627363380443461210e+03 4.383151712030477938e+03 3.866390195878392660e+03 1.138473068546520153e+03 2.140635928778131074e+03 1.968123124745247424e+03 2.033746524603020816e+03 -7.548929710278872562e+01 1.474544475388894625e+03 1.935853218754693216e+03 1.471369847156133119e+03 1.191047875015241971e+03 1.468847789660284491e+02 1.865849089815531670e+03 1.455829157492497416e+03 8.279614608231394186e+02 -4.429046973837564138e+01 2.264862812651125239e+02 6.240781481805918851e+00 4.847526602143386754e+02 6.132985639438439875e+02 3.356485506909895093e+02 6.826530635310640491e+02
