# BOSS DR12 xi_ell(s) covariance.
# <z>=0.38, pre-recon.
     1.04311e-05     8.19746e-06     6.56188e-06     5.22740e-06     4.18046e-06     3.48132e-06     2.78576e-06     2.11630e-06     1.86115e-06     1.53653e-06     1.22088e-06     1.05953e-06     9.03043e-07     7.87769e-07     6.27854e-07     4.60260e-07     3.13434e-07     2.47165e-07     1.99999e-07     1.66915e-07     9.02248e-08     8.92743e-08     4.36179e-08     1.90893e-08    -1.73887e-06    -1.37548e-06    -1.18797e-06    -1.28690e-06    -1.32637e-06    -1.40394e-06    -1.30770e-06    -1.43222e-06    -1.35755e-06    -1.48163e-06    -1.43318e-06    -1.28043e-06    -1.25954e-06    -1.19499e-06    -1.04938e-06    -8.19759e-07    -7.43078e-07    -6.60929e-07    -6.20338e-07    -6.54412e-07    -6.21095e-07    -5.71238e-07    -5.04974e-07    -4.69177e-07
     8.19746e-06     7.78688e-06     6.28749e-06     5.02091e-06     4.11490e-06     3.42834e-06     2.79015e-06     2.18877e-06     1.94660e-06     1.60882e-06     1.32884e-06     1.13825e-06     9.36762e-07     7.82300e-07     6.06428e-07     4.30057e-07     2.82428e-07     2.02625e-07     1.48083e-07     1.25842e-07     6.27089e-08     5.17169e-08     7.21697e-09    -2.08531e-08    -1.08905e-06    -9.27966e-07    -7.16730e-07    -8.36919e-07    -9.81919e-07    -1.03905e-06    -1.03093e-06    -1.23736e-06    -1.19873e-06    -1.37108e-06    -1.35601e-06    -1.20105e-06    -1.17518e-06    -1.11900e-06    -1.06086e-06    -8.80498e-07    -8.41869e-07    -7.81807e-07    -7.44486e-07    -7.98390e-07    -7.50483e-07    -6.61771e-07    -6.08488e-07    -5.36275e-07
     6.56188e-06     6.28749e-06     6.11594e-06     5.00487e-06     4.15362e-06     3.49144e-06     2.84241e-06     2.24011e-06     1.97722e-06     1.65306e-06     1.37222e-06     1.13331e-06     9.19789e-07     7.74834e-07     6.18479e-07     4.37541e-07     2.96613e-07     2.28333e-07     1.69710e-07     1.51366e-07     9.70930e-08     8.86685e-08     4.87987e-08    -7.57872e-10    -6.12318e-07    -3.75338e-07    -2.04460e-07    -3.06889e-07    -5.50975e-07    -7.23700e-07    -7.71600e-07    -1.03291e-06    -1.02920e-06    -1.20816e-06    -1.21372e-06    -1.11439e-06    -1.07936e-06    -9.90073e-07    -9.33742e-07    -7.93766e-07    -7.71486e-07    -7.35221e-07    -6.84861e-07    -7.19185e-07    -6.72633e-07    -5.84169e-07    -5.53832e-07    -5.18177e-07
     5.22740e-06     5.02091e-06     5.00487e-06     4.87744e-06     4.08322e-06     3.44685e-06     2.78628e-06     2.19485e-06     1.92283e-06     1.58629e-06     1.30205e-06     1.06133e-06     8.57215e-07     7.18031e-07     5.47333e-07     3.69290e-07     2.44355e-07     1.82946e-07     1.55547e-07     1.41816e-07     1.06449e-07     1.02264e-07     6.67035e-08     2.94105e-08    -1.38416e-07     4.54093e-08     2.67435e-07     8.92410e-08    -1.26354e-07    -3.30104e-07    -4.83247e-07    -7.67871e-07    -8.47471e-07    -1.00619e-06    -1.05123e-06    -9.98802e-07    -1.01791e-06    -9.75297e-07    -9.52948e-07    -8.56327e-07    -8.51084e-07    -7.87664e-07    -7.15565e-07    -7.15405e-07    -6.24609e-07    -5.53264e-07    -5.22507e-07    -5.06276e-07
     4.18046e-06     4.11490e-06     4.15362e-06     4.08322e-06     4.05753e-06     3.45828e-06     2.84008e-06     2.28769e-06     1.98822e-06     1.63984e-06     1.34574e-06     1.07841e-06     8.72786e-07     7.07001e-07     5.40059e-07     3.66605e-07     2.45720e-07     1.85387e-07     1.53624e-07     1.38662e-07     9.82515e-08     8.22290e-08     4.96677e-08     7.04061e-09    -1.34428e-07     8.07544e-08     2.71853e-07     2.45573e-07     1.00159e-07    -1.51522e-08    -1.82014e-07    -5.19749e-07    -6.26337e-07    -8.08072e-07    -8.80522e-07    -8.30279e-07    -8.27022e-07    -8.34286e-07    -8.42552e-07    -7.83584e-07    -7.60374e-07    -7.24265e-07    -6.71138e-07    -6.52094e-07    -5.93523e-07    -5.31749e-07    -5.01989e-07    -4.97125e-07
     3.48132e-06     3.42834e-06     3.49144e-06     3.44685e-06     3.45828e-06     3.41499e-06     2.87452e-06     2.35020e-06     2.04464e-06     1.67615e-06     1.38548e-06     1.09674e-06     8.90015e-07     7.27892e-07     5.57651e-07     3.95145e-07     2.73683e-07     2.05563e-07     1.76996e-07     1.58911e-07     1.24864e-07     1.09420e-07     6.15224e-08     2.52839e-08    -1.67461e-07     9.69323e-09     1.48573e-07     1.14061e-07     1.16553e-07     2.83985e-08    -9.50707e-08    -3.95047e-07    -5.14412e-07    -6.93348e-07    -7.79019e-07    -7.63586e-07    -7.46185e-07    -7.88512e-07    -7.76806e-07    -7.39781e-07    -7.37089e-07    -7.23689e-07    -6.80489e-07    -6.59820e-07    -5.74571e-07    -5.20319e-07    -4.72777e-07    -4.88439e-07
     2.78576e-06     2.79015e-06     2.84241e-06     2.78628e-06     2.84008e-06     2.87452e-06     2.88469e-06     2.42924e-06     2.10569e-06     1.72941e-06     1.41946e-06     1.11689e-06     9.24995e-07     7.55011e-07     5.82046e-07     4.23923e-07     3.09416e-07     2.37714e-07     2.00244e-07     1.74843e-07     1.35941e-07     1.17172e-07     6.74803e-08     2.81460e-08    -1.01700e-07     3.11573e-08     1.06723e-07     2.28752e-08     9.01230e-08     1.16403e-07     7.14214e-08    -1.23371e-07    -2.39220e-07    -4.83071e-07    -5.81643e-07    -6.25226e-07    -6.67367e-07    -7.15162e-07    -6.73353e-07    -6.69316e-07    -6.75950e-07    -6.72171e-07    -6.49187e-07    -6.23246e-07    -5.76302e-07    -5.33281e-07    -4.71053e-07    -4.85409e-07
     2.11630e-06     2.18877e-06     2.24011e-06     2.19485e-06     2.28769e-06     2.35020e-06     2.42924e-06     2.42209e-06     2.11382e-06     1.76581e-06     1.46500e-06     1.15584e-06     9.62811e-07     7.83454e-07     6.08538e-07     4.60169e-07     3.54231e-07     2.71732e-07     2.25098e-07     1.76159e-07     1.27158e-07     1.10425e-07     6.31412e-08     2.50493e-08     9.06459e-09     9.90395e-08     8.63498e-08    -6.93090e-09     9.91039e-08     1.46620e-07     2.16284e-07     6.09321e-08     2.58070e-08    -2.66834e-07    -3.64935e-07    -4.52358e-07    -5.02680e-07    -5.59759e-07    -5.62563e-07    -5.96880e-07    -6.22243e-07    -6.36509e-07    -6.34564e-07    -6.08426e-07    -5.72562e-07    -5.35668e-07    -4.40648e-07    -4.47779e-07
     1.86115e-06     1.94660e-06     1.97722e-06     1.92283e-06     1.98822e-06     2.04464e-06     2.10569e-06     2.11382e-06     2.18685e-06     1.85621e-06     1.56809e-06     1.26947e-06     1.05674e-06     8.70340e-07     6.76949e-07     5.25546e-07     4.20415e-07     3.25607e-07     2.73139e-07     2.20112e-07     1.63049e-07     1.34224e-07     7.75637e-08     4.33847e-08    -6.09474e-08     1.25463e-08     3.98795e-08    -3.32854e-08     1.12582e-07     1.14018e-07     1.74449e-07     1.08197e-07     1.30828e-07    -1.03129e-07    -2.18633e-07    -2.93630e-07    -3.87705e-07    -4.69158e-07    -4.73584e-07    -5.14732e-07    -5.73728e-07    -6.01688e-07    -6.18288e-07    -5.87077e-07    -5.52276e-07    -4.82563e-07    -3.98854e-07    -3.87197e-07
     1.53653e-06     1.60882e-06     1.65306e-06     1.58629e-06     1.63984e-06     1.67615e-06     1.72941e-06     1.76581e-06     1.85621e-06     1.85305e-06     1.59286e-06     1.29624e-06     1.07918e-06     8.94211e-07     7.01706e-07     5.52378e-07     4.54382e-07     3.63578e-07     3.10311e-07     2.47470e-07     1.96042e-07     1.61406e-07     1.10237e-07     7.66654e-08    -2.32012e-08     3.36124e-08     3.26397e-08    -2.47038e-08     1.36806e-07     1.70615e-07     2.43266e-07     1.77599e-07     2.76563e-07     1.04801e-07     5.53236e-09    -1.05542e-07    -2.54390e-07    -3.70100e-07    -3.78765e-07    -4.37380e-07    -4.73407e-07    -5.11958e-07    -5.33655e-07    -5.27424e-07    -5.06696e-07    -4.42313e-07    -3.49893e-07    -3.46270e-07
     1.22088e-06     1.32884e-06     1.37222e-06     1.30205e-06     1.34574e-06     1.38548e-06     1.41946e-06     1.46500e-06     1.56809e-06     1.59286e-06     1.61743e-06     1.34571e-06     1.14071e-06     9.65913e-07     7.72728e-07     6.25887e-07     5.14382e-07     4.09628e-07     3.49181e-07     2.74289e-07     2.16099e-07     1.78234e-07     1.29645e-07     9.26761e-08    -4.98747e-08    -5.44232e-08    -7.29816e-08    -8.40836e-08     7.95006e-08     1.22601e-07     1.94935e-07     1.64686e-07     2.80996e-07     1.98814e-07     1.07674e-07     4.48565e-08    -9.83160e-08    -2.24045e-07    -2.62071e-07    -3.39707e-07    -3.85705e-07    -4.30195e-07    -4.70353e-07    -4.62368e-07    -4.40177e-07    -3.96613e-07    -3.13248e-07    -3.15804e-07
     1.05953e-06     1.13825e-06     1.13331e-06     1.06133e-06     1.07841e-06     1.09674e-06     1.11689e-06     1.15584e-06     1.26947e-06     1.29624e-06     1.34571e-06     1.36358e-06     1.17781e-06     1.02094e-06     8.35799e-07     6.88856e-07     5.60176e-07     4.42826e-07     3.68729e-07     2.95029e-07     2.32765e-07     1.91026e-07     1.40157e-07     9.98357e-08    -8.74561e-08    -1.07555e-07    -9.80780e-08    -9.85011e-08     6.03765e-08     7.71910e-08     1.54695e-07     1.26880e-07     2.12125e-07     1.95410e-07     1.90116e-07     1.83041e-07     8.75462e-08    -3.88161e-08    -1.22311e-07    -2.16388e-07    -2.86364e-07    -3.57986e-07    -3.94651e-07    -4.06494e-07    -3.79406e-07    -3.42059e-07    -2.74948e-07    -2.80805e-07
     9.03043e-07     9.36762e-07     9.19789e-07     8.57215e-07     8.72786e-07     8.90015e-07     9.24995e-07     9.62811e-07     1.05674e-06     1.07918e-06     1.14071e-06     1.17781e-06     1.21328e-06     1.06385e-06     8.98898e-07     7.57230e-07     6.23190e-07     4.95763e-07     4.14716e-07     3.31223e-07     2.63495e-07     2.19806e-07     1.67455e-07     1.18893e-07    -5.97624e-08    -7.83073e-08    -9.36398e-08    -1.08742e-07     2.56303e-08     3.93785e-08     1.25576e-07     1.06377e-07     1.73764e-07     1.89068e-07     2.11577e-07     2.44797e-07     1.50369e-07     8.11617e-08     1.70670e-08    -8.58405e-08    -1.69721e-07    -2.53661e-07    -3.24335e-07    -3.48717e-07    -3.27009e-07    -3.10224e-07    -2.55028e-07    -2.60831e-07
     7.87769e-07     7.82300e-07     7.74834e-07     7.18031e-07     7.07001e-07     7.27892e-07     7.55011e-07     7.83454e-07     8.70340e-07     8.94211e-07     9.65913e-07     1.02094e-06     1.06385e-06     1.11409e-06     9.76358e-07     8.39685e-07     7.05117e-07     5.72800e-07     4.81735e-07     3.86605e-07     3.19629e-07     2.62443e-07     2.06662e-07     1.54275e-07    -9.49092e-08    -1.40238e-07    -8.78670e-08    -6.73307e-08     5.18841e-08    -8.29754e-09     8.92185e-08     8.55254e-08     1.48016e-07     1.82754e-07     2.16658e-07     2.75401e-07     2.34076e-07     2.16531e-07     1.74575e-07     7.86254e-08    -1.36744e-08    -1.16194e-07    -2.00890e-07    -2.41415e-07    -2.58089e-07    -2.60221e-07    -2.15689e-07    -2.20188e-07
     6.27854e-07     6.06428e-07     6.18479e-07     5.47333e-07     5.40059e-07     5.57651e-07     5.82046e-07     6.08538e-07     6.76949e-07     7.01706e-07     7.72728e-07     8.35799e-07     8.98898e-07     9.76358e-07     1.02985e-06     8.98388e-07     7.73228e-07     6.40109e-07     5.38291e-07     4.36660e-07     3.69430e-07     3.03800e-07     2.45618e-07     1.92944e-07    -1.25581e-07    -1.66645e-07    -1.41028e-07    -5.34327e-08     7.20922e-08     2.06330e-08     1.03123e-07     8.83209e-08     1.56857e-07     2.00604e-07     2.27253e-07     2.92793e-07     2.84806e-07     3.24058e-07     3.34816e-07     2.56971e-07     1.67090e-07     4.85464e-08    -7.39000e-08    -1.40847e-07    -1.77498e-07    -1.99366e-07    -1.78170e-07    -1.83155e-07
     4.60260e-07     4.30057e-07     4.37541e-07     3.69290e-07     3.66605e-07     3.95145e-07     4.23923e-07     4.60169e-07     5.25546e-07     5.52378e-07     6.25887e-07     6.88856e-07     7.57230e-07     8.39685e-07     8.98388e-07     9.41925e-07     8.28219e-07     6.99797e-07     5.91026e-07     4.78655e-07     4.02658e-07     3.31160e-07     2.73087e-07     2.10149e-07    -1.52126e-07    -1.47864e-07    -1.27152e-07    -5.20902e-08     7.65670e-08     3.54272e-08     1.34107e-07     9.66553e-08     1.64921e-07     2.37487e-07     2.55915e-07     3.16820e-07     3.07597e-07     3.40998e-07     3.76775e-07     3.36693e-07     2.83763e-07     1.61023e-07     2.26741e-08    -6.06110e-08    -1.15293e-07    -1.49039e-07    -1.43091e-07    -1.50434e-07
     3.13434e-07     2.82428e-07     2.96613e-07     2.44355e-07     2.45720e-07     2.73683e-07     3.09416e-07     3.54231e-07     4.20415e-07     4.54382e-07     5.14382e-07     5.60176e-07     6.23190e-07     7.05117e-07     7.73228e-07     8.28219e-07     8.65084e-07     7.45075e-07     6.36460e-07     5.21929e-07     4.41225e-07     3.55730e-07     2.91123e-07     2.23878e-07    -1.33977e-07    -1.02457e-07    -1.04401e-07    -4.93208e-08     7.51926e-08     2.80770e-08     1.34246e-07     6.99986e-08     1.42533e-07     2.17654e-07     2.31659e-07     2.76759e-07     2.73382e-07     3.11117e-07     3.50814e-07     3.51346e-07     3.27733e-07     2.30339e-07     1.12919e-07     1.32150e-08    -6.91949e-08    -1.06472e-07    -1.07535e-07    -1.13144e-07
     2.47165e-07     2.02625e-07     2.28333e-07     1.82946e-07     1.85387e-07     2.05563e-07     2.37714e-07     2.71732e-07     3.25607e-07     3.63578e-07     4.09628e-07     4.42826e-07     4.95763e-07     5.72800e-07     6.40109e-07     6.99797e-07     7.45075e-07     7.80649e-07     6.86267e-07     5.71037e-07     4.87075e-07     3.96255e-07     3.30670e-07     2.65097e-07    -7.61090e-08    -2.80634e-10    -3.30921e-08     5.44922e-08     1.58719e-07     1.11910e-07     2.04194e-07     1.19435e-07     1.66152e-07     2.21118e-07     2.24721e-07     2.50467e-07     2.57643e-07     2.83762e-07     3.10747e-07     3.24212e-07     3.35612e-07     2.68867e-07     1.83146e-07     1.06609e-07     4.95644e-09    -5.33050e-08    -8.16368e-08    -8.83136e-08
     1.99999e-07     1.48083e-07     1.69710e-07     1.55547e-07     1.53624e-07     1.76996e-07     2.00244e-07     2.25098e-07     2.73139e-07     3.10311e-07     3.49181e-07     3.68729e-07     4.14716e-07     4.81735e-07     5.38291e-07     5.91026e-07     6.36460e-07     6.86267e-07     7.16656e-07     6.13850e-07     5.33141e-07     4.37757e-07     3.69772e-07     3.02319e-07    -1.54192e-07    -4.93969e-08    -5.97937e-08     1.99930e-08     1.54490e-07     9.54441e-08     1.81483e-07     7.57532e-08     1.05507e-07     1.46346e-07     1.61311e-07     1.74374e-07     1.86724e-07     2.21638e-07     2.52298e-07     2.76927e-07     2.89895e-07     2.65173e-07     1.99368e-07     1.43541e-07     5.89555e-08    -1.21950e-08    -5.79894e-08    -8.18514e-08
     1.66915e-07     1.25842e-07     1.51366e-07     1.41816e-07     1.38662e-07     1.58911e-07     1.74843e-07     1.76159e-07     2.20112e-07     2.47470e-07     2.74289e-07     2.95029e-07     3.31223e-07     3.86605e-07     4.36660e-07     4.78655e-07     5.21929e-07     5.71037e-07     6.13850e-07     6.20528e-07     5.46847e-07     4.55243e-07     3.87291e-07     3.18417e-07    -1.58968e-07    -5.74435e-08    -4.92798e-08     2.77689e-08     1.59245e-07     8.84182e-08     1.61167e-07     5.59533e-08     7.23289e-08     9.94897e-08     1.24028e-07     1.11951e-07     1.27995e-07     1.77555e-07     1.99273e-07     2.08971e-07     2.21937e-07     2.10856e-07     1.67881e-07     1.32108e-07     7.77524e-08    -1.45145e-09    -5.15703e-08    -7.76035e-08
     9.02248e-08     6.27089e-08     9.70930e-08     1.06449e-07     9.82515e-08     1.24864e-07     1.35941e-07     1.27158e-07     1.63049e-07     1.96042e-07     2.16099e-07     2.32765e-07     2.63495e-07     3.19629e-07     3.69430e-07     4.02658e-07     4.41225e-07     4.87075e-07     5.33141e-07     5.46847e-07     5.86131e-07     5.03167e-07     4.33637e-07     3.62874e-07    -1.12550e-07    -6.21564e-08    -5.70537e-08     6.05813e-08     1.81974e-07     1.35048e-07     1.92548e-07     7.68530e-08     8.03500e-08     1.15546e-07     1.03203e-07     7.42726e-08     9.34264e-08     1.47187e-07     1.69092e-07     1.86020e-07     1.91887e-07     1.77022e-07     1.58568e-07     1.53194e-07     1.31581e-07     7.84966e-08     3.95925e-08     3.77402e-09
     8.92743e-08     5.17169e-08     8.86685e-08     1.02264e-07     8.22290e-08     1.09420e-07     1.17172e-07     1.10425e-07     1.34224e-07     1.61406e-07     1.78234e-07     1.91026e-07     2.19806e-07     2.62443e-07     3.03800e-07     3.31160e-07     3.55730e-07     3.96255e-07     4.37757e-07     4.55243e-07     5.03167e-07     5.34680e-07     4.75535e-07     4.08510e-07    -9.86128e-08    -7.11612e-08    -8.31524e-08     3.38360e-08     1.26283e-07     8.91438e-08     1.41090e-07     3.30533e-08     4.33243e-08     7.98318e-08     6.81464e-08     3.60037e-08     4.60460e-08     1.00898e-07     1.24788e-07     1.31215e-07     1.37344e-07     1.40261e-07     1.30931e-07     1.28911e-07     1.41988e-07     1.18229e-07     9.82376e-08     5.96200e-08
     4.36179e-08     7.21697e-09     4.87987e-08     6.67035e-08     4.96677e-08     6.15224e-08     6.74803e-08     6.31412e-08     7.75637e-08     1.10237e-07     1.29645e-07     1.40157e-07     1.67455e-07     2.06662e-07     2.45618e-07     2.73087e-07     2.91123e-07     3.30670e-07     3.69772e-07     3.87291e-07     4.33637e-07     4.75535e-07     5.08482e-07     4.44928e-07    -1.65050e-07    -1.54250e-07    -1.68621e-07    -1.92872e-08     8.22067e-08     6.53358e-08     1.05111e-07     2.60891e-08     4.82544e-08     8.67101e-08     6.00630e-08     3.51711e-08     4.88889e-08     8.57985e-08     1.08918e-07     1.24776e-07     1.30930e-07     1.32659e-07     1.09115e-07     1.14649e-07     1.33201e-07     1.29307e-07     1.28515e-07     1.09175e-07
     1.90893e-08    -2.08531e-08    -7.57872e-10     2.94105e-08     7.04061e-09     2.52839e-08     2.81460e-08     2.50493e-08     4.33847e-08     7.66654e-08     9.26761e-08     9.98357e-08     1.18893e-07     1.54275e-07     1.92944e-07     2.10149e-07     2.23878e-07     2.65097e-07     3.02319e-07     3.18417e-07     3.62874e-07     4.08510e-07     4.44928e-07     4.78857e-07    -1.34840e-07    -1.55002e-07    -1.35671e-07    -3.11729e-08     8.61054e-08     8.35038e-08     1.18941e-07     4.70784e-08     5.51694e-08     8.31689e-08     4.36651e-08     1.97836e-08     4.30263e-08     8.12428e-08     1.09265e-07     1.32122e-07     1.37011e-07     1.41377e-07     1.25981e-07     1.24449e-07     1.36854e-07     1.50540e-07     1.69541e-07     1.68270e-07
    -1.73887e-06    -1.08905e-06    -6.12318e-07    -1.38416e-07    -1.34428e-07    -1.67461e-07    -1.01700e-07     9.06459e-09    -6.09474e-08    -2.32012e-08    -4.98747e-08    -8.74561e-08    -5.97624e-08    -9.49092e-08    -1.25581e-07    -1.52126e-07    -1.33977e-07    -7.61090e-08    -1.54192e-07    -1.58968e-07    -1.12550e-07    -9.86128e-08    -1.65050e-07    -1.34840e-07     1.91675e-05     1.45044e-05     1.08366e-05     8.22461e-06     6.52456e-06     4.94987e-06     3.94122e-06     3.65282e-06     3.20317e-06     2.72996e-06     2.25317e-06     1.70608e-06     1.45556e-06     1.25373e-06     9.91178e-07     7.32568e-07     6.34874e-07     3.35358e-07     3.79629e-07     3.48564e-07     2.96781e-07     2.38491e-07     1.43839e-07     9.95657e-08
    -1.37548e-06    -9.27966e-07    -3.75338e-07     4.54093e-08     8.07544e-08     9.69323e-09     3.11573e-08     9.90395e-08     1.25463e-08     3.36124e-08    -5.44232e-08    -1.07555e-07    -7.83073e-08    -1.40238e-07    -1.66645e-07    -1.47864e-07    -1.02457e-07    -2.80634e-10    -4.93969e-08    -5.74435e-08    -6.21564e-08    -7.11612e-08    -1.54250e-07    -1.55002e-07     1.45044e-05     1.61003e-05     1.22731e-05     9.44266e-06     7.27007e-06     5.49263e-06     4.53048e-06     3.94140e-06     3.32132e-06     2.91113e-06     2.37007e-06     1.92743e-06     1.63941e-06     1.49086e-06     1.18914e-06     1.05853e-06     8.61646e-07     5.50267e-07     5.01286e-07     4.76068e-07     4.49632e-07     3.62504e-07     2.16466e-07     1.52835e-07
    -1.18797e-06    -7.16730e-07    -2.04460e-07     2.67435e-07     2.71853e-07     1.48573e-07     1.06723e-07     8.63498e-08     3.98795e-08     3.26397e-08    -7.29816e-08    -9.80780e-08    -9.36398e-08    -8.78670e-08    -1.41028e-07    -1.27152e-07    -1.04401e-07    -3.30921e-08    -5.97937e-08    -4.92798e-08    -5.70537e-08    -8.31524e-08    -1.68621e-07    -1.35671e-07     1.08366e-05     1.22731e-05     1.35406e-05     1.03734e-05     7.97197e-06     6.22365e-06     5.06033e-06     4.10452e-06     3.32545e-06     2.75509e-06     2.16745e-06     1.76150e-06     1.44915e-06     1.25580e-06     9.72697e-07     9.06017e-07     7.52934e-07     5.46060e-07     4.80018e-07     4.37581e-07     3.23728e-07     3.11199e-07     2.40332e-07     2.15210e-07
    -1.28690e-06    -8.36919e-07    -3.06889e-07     8.92410e-08     2.45573e-07     1.14061e-07     2.28752e-08    -6.93090e-09    -3.32854e-08    -2.47038e-08    -8.40836e-08    -9.85011e-08    -1.08742e-07    -6.73307e-08    -5.34327e-08    -5.20902e-08    -4.93208e-08     5.44922e-08     1.99930e-08     2.77689e-08     6.05813e-08     3.38360e-08    -1.92872e-08    -3.11729e-08     8.22461e-06     9.44266e-06     1.03734e-05     1.15096e-05     8.90249e-06     7.06852e-06     5.63364e-06     4.56719e-06     3.61578e-06     3.02487e-06     2.35133e-06     1.94916e-06     1.65209e-06     1.42076e-06     1.17316e-06     1.00558e-06     9.46866e-07     7.33747e-07     7.03430e-07     6.80496e-07     5.90657e-07     4.56202e-07     3.42292e-07     2.88882e-07
    -1.32637e-06    -9.81919e-07    -5.50975e-07    -1.26354e-07     1.00159e-07     1.16553e-07     9.01230e-08     9.91039e-08     1.12582e-07     1.36806e-07     7.95006e-08     6.03765e-08     2.56303e-08     5.18841e-08     7.20922e-08     7.65670e-08     7.51926e-08     1.58719e-07     1.54490e-07     1.59245e-07     1.81974e-07     1.26283e-07     8.22067e-08     8.61054e-08     6.52456e-06     7.27007e-06     7.97197e-06     8.90249e-06     9.39993e-06     7.58044e-06     6.10358e-06     4.87464e-06     3.75975e-06     3.14303e-06     2.40372e-06     2.00028e-06     1.74848e-06     1.43848e-06     1.23417e-06     1.08899e-06     1.04074e-06     8.29360e-07     8.05976e-07     7.45832e-07     6.41117e-07     5.19921e-07     4.12873e-07     3.74178e-07
    -1.40394e-06    -1.03905e-06    -7.23700e-07    -3.30104e-07    -1.51522e-08     2.83985e-08     1.16403e-07     1.46620e-07     1.14018e-07     1.70615e-07     1.22601e-07     7.71910e-08     3.93785e-08    -8.29754e-09     2.06330e-08     3.54272e-08     2.80770e-08     1.11910e-07     9.54441e-08     8.84182e-08     1.35048e-07     8.91438e-08     6.53358e-08     8.35038e-08     4.94987e-06     5.49263e-06     6.22365e-06     7.06852e-06     7.58044e-06     8.49005e-06     7.05153e-06     5.70269e-06     4.43124e-06     3.59076e-06     2.74065e-06     2.21124e-06     1.81683e-06     1.41276e-06     1.21622e-06     1.02638e-06     8.91632e-07     6.85108e-07     6.74788e-07     6.20544e-07     5.18984e-07     4.76083e-07     3.81295e-07     3.20815e-07
    -1.30770e-06    -1.03093e-06    -7.71600e-07    -4.83247e-07    -1.82014e-07    -9.50707e-08     7.14214e-08     2.16284e-07     1.74449e-07     2.43266e-07     1.94935e-07     1.54695e-07     1.25576e-07     8.92185e-08     1.03123e-07     1.34107e-07     1.34246e-07     2.04194e-07     1.81483e-07     1.61167e-07     1.92548e-07     1.41090e-07     1.05111e-07     1.18941e-07     3.94122e-06     4.53048e-06     5.06033e-06     5.63364e-06     6.10358e-06     7.05153e-06     7.92409e-06     6.42481e-06     5.16467e-06     4.10986e-06     3.21191e-06     2.46185e-06     1.98255e-06     1.61999e-06     1.45050e-06     1.25966e-06     1.07912e-06     8.59612e-07     8.16969e-07     7.30091e-07     5.68744e-07     4.36236e-07     3.55878e-07     2.87569e-07
    -1.43222e-06    -1.23736e-06    -1.03291e-06    -7.67871e-07    -5.19749e-07    -3.95047e-07    -1.23371e-07     6.09321e-08     1.08197e-07     1.77599e-07     1.64686e-07     1.26880e-07     1.06377e-07     8.55254e-08     8.83209e-08     9.66553e-08     6.99986e-08     1.19435e-07     7.57532e-08     5.59533e-08     7.68530e-08     3.30533e-08     2.60891e-08     4.70784e-08     3.65282e-06     3.94140e-06     4.10452e-06     4.56719e-06     4.87464e-06     5.70269e-06     6.42481e-06     6.96549e-06     5.81659e-06     4.78964e-06     3.84408e-06     3.11956e-06     2.49619e-06     2.02646e-06     1.74756e-06     1.53793e-06     1.21927e-06     9.67008e-07     8.74521e-07     8.12609e-07     6.86184e-07     6.09694e-07     5.05151e-07     4.16413e-07
    -1.35755e-06    -1.19873e-06    -1.02920e-06    -8.47471e-07    -6.26337e-07    -5.14412e-07    -2.39220e-07     2.58070e-08     1.30828e-07     2.76563e-07     2.80996e-07     2.12125e-07     1.73764e-07     1.48016e-07     1.56857e-07     1.64921e-07     1.42533e-07     1.66152e-07     1.05507e-07     7.23289e-08     8.03500e-08     4.33243e-08     4.82544e-08     5.51694e-08     3.20317e-06     3.32132e-06     3.32545e-06     3.61578e-06     3.75975e-06     4.43124e-06     5.16467e-06     5.81659e-06     6.54648e-06     5.56043e-06     4.53282e-06     3.69512e-06     2.89010e-06     2.37807e-06     2.01268e-06     1.69717e-06     1.28685e-06     9.73093e-07     8.20622e-07     7.54335e-07     6.32200e-07     6.30831e-07     5.40171e-07     4.76352e-07
    -1.48163e-06    -1.37108e-06    -1.20816e-06    -1.00619e-06    -8.08072e-07    -6.93348e-07    -4.83071e-07    -2.66834e-07    -1.03129e-07     1.04801e-07     1.98814e-07     1.95410e-07     1.89068e-07     1.82754e-07     2.00604e-07     2.37487e-07     2.17654e-07     2.21118e-07     1.46346e-07     9.94897e-08     1.15546e-07     7.98318e-08     8.67101e-08     8.31689e-08     2.72996e-06     2.91113e-06     2.75509e-06     3.02487e-06     3.14303e-06     3.59076e-06     4.10986e-06     4.78964e-06     5.56043e-06     6.12743e-06     5.19321e-06     4.32368e-06     3.43910e-06     2.86330e-06     2.38930e-06     2.07934e-06     1.63731e-06     1.27094e-06     1.08319e-06     9.74896e-07     8.12428e-07     7.77676e-07     6.46609e-07     5.70126e-07
    -1.43318e-06    -1.35601e-06    -1.21372e-06    -1.05123e-06    -8.80522e-07    -7.79019e-07    -5.81643e-07    -3.64935e-07    -2.18633e-07     5.53236e-09     1.07674e-07     1.90116e-07     2.11577e-07     2.16658e-07     2.27253e-07     2.55915e-07     2.31659e-07     2.24721e-07     1.61311e-07     1.24028e-07     1.03203e-07     6.81464e-08     6.00630e-08     4.36651e-08     2.25317e-06     2.37007e-06     2.16745e-06     2.35133e-06     2.40372e-06     2.74065e-06     3.21191e-06     3.84408e-06     4.53282e-06     5.19321e-06     5.70637e-06     4.84869e-06     3.98494e-06     3.34819e-06     2.83369e-06     2.44453e-06     1.98061e-06     1.56452e-06     1.32422e-06     1.13510e-06     9.46102e-07     9.01833e-07     7.14013e-07     5.85631e-07
    -1.28043e-06    -1.20105e-06    -1.11439e-06    -9.98802e-07    -8.30279e-07    -7.63586e-07    -6.25226e-07    -4.52358e-07    -2.93630e-07    -1.05542e-07     4.48565e-08     1.83041e-07     2.44797e-07     2.75401e-07     2.92793e-07     3.16820e-07     2.76759e-07     2.50467e-07     1.74374e-07     1.11951e-07     7.42726e-08     3.60037e-08     3.51711e-08     1.97836e-08     1.70608e-06     1.92743e-06     1.76150e-06     1.94916e-06     2.00028e-06     2.21124e-06     2.46185e-06     3.11956e-06     3.69512e-06     4.32368e-06     4.84869e-06     5.27044e-06     4.46854e-06     3.81723e-06     3.20457e-06     2.76155e-06     2.23071e-06     1.77630e-06     1.46780e-06     1.21429e-06     9.78132e-07     8.69948e-07     6.32754e-07     5.06887e-07
    -1.25954e-06    -1.17518e-06    -1.07936e-06    -1.01791e-06    -8.27022e-07    -7.46185e-07    -6.67367e-07    -5.02680e-07    -3.87705e-07    -2.54390e-07    -9.83160e-08     8.75462e-08     1.50369e-07     2.34076e-07     2.84806e-07     3.07597e-07     2.73382e-07     2.57643e-07     1.86724e-07     1.27995e-07     9.34264e-08     4.60460e-08     4.88889e-08     4.30263e-08     1.45556e-06     1.63941e-06     1.44915e-06     1.65209e-06     1.74848e-06     1.81683e-06     1.98255e-06     2.49619e-06     2.89010e-06     3.43910e-06     3.98494e-06     4.46854e-06     4.86323e-06     4.29199e-06     3.70836e-06     3.17115e-06     2.63931e-06     2.17543e-06     1.83433e-06     1.50241e-06     1.17576e-06     1.04142e-06     7.71447e-07     6.24727e-07
    -1.19499e-06    -1.11900e-06    -9.90073e-07    -9.75297e-07    -8.34286e-07    -7.88512e-07    -7.15162e-07    -5.59759e-07    -4.69158e-07    -3.70100e-07    -2.24045e-07    -3.88161e-08     8.11617e-08     2.16531e-07     3.24058e-07     3.40998e-07     3.11117e-07     2.83762e-07     2.21638e-07     1.77555e-07     1.47187e-07     1.00898e-07     8.57985e-08     8.12428e-08     1.25373e-06     1.49086e-06     1.25580e-06     1.42076e-06     1.43848e-06     1.41276e-06     1.61999e-06     2.02646e-06     2.37807e-06     2.86330e-06     3.34819e-06     3.81723e-06     4.29199e-06     4.75005e-06     4.24134e-06     3.65232e-06     3.04042e-06     2.52118e-06     2.10974e-06     1.70174e-06     1.34449e-06     1.16093e-06     9.07165e-07     7.69824e-07
    -1.04938e-06    -1.06086e-06    -9.33742e-07    -9.52948e-07    -8.42552e-07    -7.76806e-07    -6.73353e-07    -5.62563e-07    -4.73584e-07    -3.78765e-07    -2.62071e-07    -1.22311e-07     1.70670e-08     1.74575e-07     3.34816e-07     3.76775e-07     3.50814e-07     3.10747e-07     2.52298e-07     1.99273e-07     1.69092e-07     1.24788e-07     1.08918e-07     1.09265e-07     9.91178e-07     1.18914e-06     9.72697e-07     1.17316e-06     1.23417e-06     1.21622e-06     1.45050e-06     1.74756e-06     2.01268e-06     2.38930e-06     2.83369e-06     3.20457e-06     3.70836e-06     4.24134e-06     4.66425e-06     4.15082e-06     3.52240e-06     2.94907e-06     2.49313e-06     2.05058e-06     1.62861e-06     1.40723e-06     1.10763e-06     9.68991e-07
    -8.19759e-07    -8.80498e-07    -7.93766e-07    -8.56327e-07    -7.83584e-07    -7.39781e-07    -6.69316e-07    -5.96880e-07    -5.14732e-07    -4.37380e-07    -3.39707e-07    -2.16388e-07    -8.58405e-08     7.86254e-08     2.56971e-07     3.36693e-07     3.51346e-07     3.24212e-07     2.76927e-07     2.08971e-07     1.86020e-07     1.31215e-07     1.24776e-07     1.32122e-07     7.32568e-07     1.05853e-06     9.06017e-07     1.00558e-06     1.08899e-06     1.02638e-06     1.25966e-06     1.53793e-06     1.69717e-06     2.07934e-06     2.44453e-06     2.76155e-06     3.17115e-06     3.65232e-06     4.15082e-06     4.39049e-06     3.80904e-06     3.26034e-06     2.77882e-06     2.26726e-06     1.80925e-06     1.55955e-06     1.22619e-06     1.07543e-06
    -7.43078e-07    -8.41869e-07    -7.71486e-07    -8.51084e-07    -7.60374e-07    -7.37089e-07    -6.75950e-07    -6.22243e-07    -5.73728e-07    -4.73407e-07    -3.85705e-07    -2.86364e-07    -1.69721e-07    -1.36744e-08     1.67090e-07     2.83763e-07     3.27733e-07     3.35612e-07     2.89895e-07     2.21937e-07     1.91887e-07     1.37344e-07     1.30930e-07     1.37011e-07     6.34874e-07     8.61646e-07     7.52934e-07     9.46866e-07     1.04074e-06     8.91632e-07     1.07912e-06     1.21927e-06     1.28685e-06     1.63731e-06     1.98061e-06     2.23071e-06     2.63931e-06     3.04042e-06     3.52240e-06     3.80904e-06     4.06484e-06     3.58815e-06     3.09095e-06     2.54854e-06     2.05313e-06     1.73212e-06     1.38036e-06     1.20139e-06
    -6.60929e-07    -7.81807e-07    -7.35221e-07    -7.87664e-07    -7.24265e-07    -7.23689e-07    -6.72171e-07    -6.36509e-07    -6.01688e-07    -5.11958e-07    -4.30195e-07    -3.57986e-07    -2.53661e-07    -1.16194e-07     4.85464e-08     1.61023e-07     2.30339e-07     2.68867e-07     2.65173e-07     2.10856e-07     1.77022e-07     1.40261e-07     1.32659e-07     1.41377e-07     3.35358e-07     5.50267e-07     5.46060e-07     7.33747e-07     8.29360e-07     6.85108e-07     8.59612e-07     9.67008e-07     9.73093e-07     1.27094e-06     1.56452e-06     1.77630e-06     2.17543e-06     2.52118e-06     2.94907e-06     3.26034e-06     3.58815e-06     3.86278e-06     3.45154e-06     2.92873e-06     2.40277e-06     2.04352e-06     1.67985e-06     1.46730e-06
    -6.20338e-07    -7.44486e-07    -6.84861e-07    -7.15565e-07    -6.71138e-07    -6.80489e-07    -6.49187e-07    -6.34564e-07    -6.18288e-07    -5.33655e-07    -4.70353e-07    -3.94651e-07    -3.24335e-07    -2.00890e-07    -7.39000e-08     2.26741e-08     1.12919e-07     1.83146e-07     1.99368e-07     1.67881e-07     1.58568e-07     1.30931e-07     1.09115e-07     1.25981e-07     3.79629e-07     5.01286e-07     4.80018e-07     7.03430e-07     8.05976e-07     6.74788e-07     8.16969e-07     8.74521e-07     8.20622e-07     1.08319e-06     1.32422e-06     1.46780e-06     1.83433e-06     2.10974e-06     2.49313e-06     2.77882e-06     3.09095e-06     3.45154e-06     3.67335e-06     3.20364e-06     2.68361e-06     2.28311e-06     1.90935e-06     1.65403e-06
    -6.54412e-07    -7.98390e-07    -7.19185e-07    -7.15405e-07    -6.52094e-07    -6.59820e-07    -6.23246e-07    -6.08426e-07    -5.87077e-07    -5.27424e-07    -4.62368e-07    -4.06494e-07    -3.48717e-07    -2.41415e-07    -1.40847e-07    -6.06110e-08     1.32150e-08     1.06609e-07     1.43541e-07     1.32108e-07     1.53194e-07     1.28911e-07     1.14649e-07     1.24449e-07     3.48564e-07     4.76068e-07     4.37581e-07     6.80496e-07     7.45832e-07     6.20544e-07     7.30091e-07     8.12609e-07     7.54335e-07     9.74896e-07     1.13510e-06     1.21429e-06     1.50241e-06     1.70174e-06     2.05058e-06     2.26726e-06     2.54854e-06     2.92873e-06     3.20364e-06     3.34081e-06     2.90206e-06     2.52593e-06     2.13021e-06     1.83573e-06
    -6.21095e-07    -7.50483e-07    -6.72633e-07    -6.24609e-07    -5.93523e-07    -5.74571e-07    -5.76302e-07    -5.72562e-07    -5.52276e-07    -5.06696e-07    -4.40177e-07    -3.79406e-07    -3.27009e-07    -2.58089e-07    -1.77498e-07    -1.15293e-07    -6.91949e-08     4.95644e-09     5.89555e-08     7.77524e-08     1.31581e-07     1.41988e-07     1.33201e-07     1.36854e-07     2.96781e-07     4.49632e-07     3.23728e-07     5.90657e-07     6.41117e-07     5.18984e-07     5.68744e-07     6.86184e-07     6.32200e-07     8.12428e-07     9.46102e-07     9.78132e-07     1.17576e-06     1.34449e-06     1.62861e-06     1.80925e-06     2.05313e-06     2.40277e-06     2.68361e-06     2.90206e-06     3.08467e-06     2.77135e-06     2.39960e-06     2.09891e-06
    -5.71238e-07    -6.61771e-07    -5.84169e-07    -5.53264e-07    -5.31749e-07    -5.20319e-07    -5.33281e-07    -5.35668e-07    -4.82563e-07    -4.42313e-07    -3.96613e-07    -3.42059e-07    -3.10224e-07    -2.60221e-07    -1.99366e-07    -1.49039e-07    -1.06472e-07    -5.33050e-08    -1.21950e-08    -1.45145e-09     7.84966e-08     1.18229e-07     1.29307e-07     1.50540e-07     2.38491e-07     3.62504e-07     3.11199e-07     4.56202e-07     5.19921e-07     4.76083e-07     4.36236e-07     6.09694e-07     6.30831e-07     7.77676e-07     9.01833e-07     8.69948e-07     1.04142e-06     1.16093e-06     1.40723e-06     1.55955e-06     1.73212e-06     2.04352e-06     2.28311e-06     2.52593e-06     2.77135e-06     3.02994e-06     2.74438e-06     2.45406e-06
    -5.04974e-07    -6.08488e-07    -5.53832e-07    -5.22507e-07    -5.01989e-07    -4.72777e-07    -4.71053e-07    -4.40648e-07    -3.98854e-07    -3.49893e-07    -3.13248e-07    -2.74948e-07    -2.55028e-07    -2.15689e-07    -1.78170e-07    -1.43091e-07    -1.07535e-07    -8.16368e-08    -5.79894e-08    -5.15703e-08     3.95925e-08     9.82376e-08     1.28515e-07     1.69541e-07     1.43839e-07     2.16466e-07     2.40332e-07     3.42292e-07     4.12873e-07     3.81295e-07     3.55878e-07     5.05151e-07     5.40171e-07     6.46609e-07     7.14013e-07     6.32754e-07     7.71447e-07     9.07165e-07     1.10763e-06     1.22619e-06     1.38036e-06     1.67985e-06     1.90935e-06     2.13021e-06     2.39960e-06     2.74438e-06     3.00173e-06     2.75942e-06
    -4.69177e-07    -5.36275e-07    -5.18177e-07    -5.06276e-07    -4.97125e-07    -4.88439e-07    -4.85409e-07    -4.47779e-07    -3.87197e-07    -3.46270e-07    -3.15804e-07    -2.80805e-07    -2.60831e-07    -2.20188e-07    -1.83155e-07    -1.50434e-07    -1.13144e-07    -8.83136e-08    -8.18514e-08    -7.76035e-08     3.77402e-09     5.96200e-08     1.09175e-07     1.68270e-07     9.95657e-08     1.52835e-07     2.15210e-07     2.88882e-07     3.74178e-07     3.20815e-07     2.87569e-07     4.16413e-07     4.76352e-07     5.70126e-07     5.85631e-07     5.06887e-07     6.24727e-07     7.69824e-07     9.68991e-07     1.07543e-06     1.20139e-06     1.46730e-06     1.65403e-06     1.83573e-06     2.09891e-06     2.45406e-06     2.75942e-06     3.00381e-06
