# BOSS DR12 xi_ell(s) covariance.
# <z>=0.51, pre-recon.
     7.91782e-06     6.15699e-06     4.91527e-06     3.89133e-06     3.02457e-06     2.46866e-06     1.99104e-06     1.61558e-06     1.32656e-06     1.06973e-06     9.22191e-07     7.37677e-07     5.84809e-07     5.22531e-07     4.35549e-07     2.91449e-07     2.30613e-07     1.57076e-07     1.08116e-07     1.25614e-07     9.14159e-08     1.01812e-07     4.88108e-08     3.24901e-08    -1.51689e-06    -1.25469e-06    -1.45087e-06    -1.10468e-06    -1.30601e-06    -1.20980e-06    -1.08264e-06    -1.03796e-06    -1.11241e-06    -1.05276e-06    -1.04357e-06    -9.28812e-07    -8.73121e-07    -9.41602e-07    -9.04943e-07    -7.79119e-07    -7.92276e-07    -8.27524e-07    -6.79504e-07    -6.30121e-07    -5.28892e-07    -3.45174e-07    -3.45692e-07    -3.19717e-07
     6.15699e-06     5.88174e-06     4.75645e-06     3.80835e-06     2.99403e-06     2.45113e-06     1.99341e-06     1.64135e-06     1.38444e-06     1.11726e-06     9.71989e-07     7.56334e-07     6.09784e-07     5.31105e-07     4.51324e-07     3.21720e-07     2.76505e-07     2.01950e-07     1.56159e-07     1.59630e-07     1.25105e-07     1.23249e-07     7.62642e-08     3.59589e-08    -6.12601e-07    -5.46185e-07    -6.72044e-07    -4.63789e-07    -7.15552e-07    -6.66091e-07    -6.94747e-07    -7.07573e-07    -7.91072e-07    -8.05687e-07    -8.60004e-07    -7.17372e-07    -6.71476e-07    -7.24473e-07    -7.10176e-07    -6.08163e-07    -6.64404e-07    -6.77283e-07    -5.66773e-07    -5.32549e-07    -4.56834e-07    -2.70539e-07    -2.71387e-07    -2.35776e-07
     4.91527e-06     4.75645e-06     4.64863e-06     3.80452e-06     3.04514e-06     2.54448e-06     2.06697e-06     1.70726e-06     1.43793e-06     1.17118e-06     1.00729e-06     7.90841e-07     6.41853e-07     5.42977e-07     4.55232e-07     3.19090e-07     2.56995e-07     1.87899e-07     1.48600e-07     1.54947e-07     1.17775e-07     1.15126e-07     7.52450e-08     4.70845e-08    -6.07549e-07    -4.22409e-07    -5.48787e-07    -2.86187e-07    -6.05178e-07    -6.60804e-07    -7.52048e-07    -7.84785e-07    -9.30540e-07    -9.30222e-07    -9.63805e-07    -8.24995e-07    -8.04054e-07    -8.27644e-07    -8.27626e-07    -7.78450e-07    -7.95498e-07    -7.63215e-07    -6.36908e-07    -6.09780e-07    -4.80193e-07    -2.93311e-07    -2.70854e-07    -2.67666e-07
     3.89133e-06     3.80835e-06     3.80452e-06     3.75298e-06     3.08071e-06     2.60160e-06     2.11103e-06     1.74058e-06     1.48390e-06     1.22185e-06     1.03919e-06     8.35913e-07     6.69086e-07     5.52142e-07     4.53260e-07     3.23272e-07     2.59049e-07     1.91222e-07     1.47682e-07     1.30306e-07     9.70713e-08     9.62777e-08     5.41616e-08     3.42768e-08    -3.19088e-07    -2.15190e-07    -2.54095e-07    -9.29391e-08    -2.82098e-07    -3.88563e-07    -5.14389e-07    -6.16615e-07    -7.65043e-07    -7.87045e-07    -8.44378e-07    -7.46821e-07    -7.71369e-07    -8.14308e-07    -8.66508e-07    -8.28583e-07    -8.42623e-07    -7.89421e-07    -7.13898e-07    -6.62465e-07    -5.56924e-07    -3.74324e-07    -3.56416e-07    -3.44595e-07
     3.02457e-06     2.99403e-06     3.04514e-06     3.08071e-06     3.06442e-06     2.60335e-06     2.15409e-06     1.80930e-06     1.54991e-06     1.29944e-06     1.08699e-06     8.86487e-07     7.30947e-07     5.98926e-07     5.04046e-07     3.79357e-07     3.04675e-07     2.36452e-07     1.82810e-07     1.51325e-07     1.11700e-07     1.01324e-07     5.91965e-08     4.23276e-08    -1.24116e-07    -3.95692e-08    -9.06601e-08     1.11467e-07    -2.20592e-08    -1.21013e-07    -2.59008e-07    -3.72362e-07    -5.03489e-07    -5.55157e-07    -6.03917e-07    -5.22890e-07    -5.67212e-07    -6.52646e-07    -7.03667e-07    -6.77632e-07    -6.93121e-07    -6.80174e-07    -6.05599e-07    -5.68947e-07    -4.81008e-07    -3.47990e-07    -3.32192e-07    -3.39334e-07
     2.46866e-06     2.45113e-06     2.54448e-06     2.60160e-06     2.60335e-06     2.62595e-06     2.20791e-06     1.87896e-06     1.61813e-06     1.36506e-06     1.14976e-06     9.27738e-07     7.62383e-07     6.23087e-07     5.13744e-07     3.83019e-07     3.11557e-07     2.30260e-07     1.72473e-07     1.35311e-07     1.05625e-07     9.95496e-08     5.96697e-08     4.10881e-08    -9.27016e-09     5.26232e-08     1.73426e-08     1.79758e-07     2.08868e-07     1.20711e-07    -3.53297e-08    -1.74891e-07    -3.59816e-07    -4.51916e-07    -5.30080e-07    -4.59822e-07    -5.30843e-07    -6.43939e-07    -6.96641e-07    -6.81433e-07    -7.08510e-07    -7.15712e-07    -6.73479e-07    -6.31396e-07    -5.40602e-07    -4.26660e-07    -3.99560e-07    -4.00718e-07
     1.99104e-06     1.99341e-06     2.06697e-06     2.11103e-06     2.15409e-06     2.20791e-06     2.21022e-06     1.91639e-06     1.66381e-06     1.42207e-06     1.20576e-06     9.68428e-07     7.96045e-07     6.54496e-07     5.57945e-07     4.34042e-07     3.61493e-07     2.66413e-07     2.05411e-07     1.64121e-07     1.37461e-07     1.21200e-07     8.03631e-08     5.08512e-08     1.12457e-08     7.57856e-08     4.21939e-09     1.02965e-07     1.36253e-07     1.23382e-07    -2.97686e-08    -1.10645e-07    -2.53264e-07    -3.57936e-07    -4.32262e-07    -3.86065e-07    -4.37173e-07    -5.46720e-07    -5.69328e-07    -5.82254e-07    -6.06912e-07    -6.15358e-07    -5.87494e-07    -5.65423e-07    -5.04702e-07    -4.18256e-07    -4.05257e-07    -4.36022e-07
     1.61558e-06     1.64135e-06     1.70726e-06     1.74058e-06     1.80930e-06     1.87896e-06     1.91639e-06     1.96908e-06     1.72804e-06     1.48744e-06     1.26875e-06     1.02537e-06     8.58058e-07     7.10832e-07     5.91487e-07     4.69137e-07     4.00068e-07     3.05322e-07     2.41110e-07     1.97482e-07     1.64541e-07     1.41589e-07     9.92801e-08     7.49209e-08     6.87335e-08     1.10155e-07     2.01686e-08     4.34733e-08     8.58081e-08     1.01604e-07     4.93788e-08     1.00706e-08    -9.57849e-08    -2.39232e-07    -3.21611e-07    -3.25471e-07    -3.94764e-07    -5.27731e-07    -5.30424e-07    -5.59643e-07    -5.91372e-07    -5.92445e-07    -5.60809e-07    -5.50601e-07    -5.00228e-07    -4.50081e-07    -4.24369e-07    -4.40729e-07
     1.32656e-06     1.38444e-06     1.43793e-06     1.48390e-06     1.54991e-06     1.61813e-06     1.66381e-06     1.72804e-06     1.77908e-06     1.55939e-06     1.34694e-06     1.11103e-06     9.38916e-07     7.82502e-07     6.56854e-07     5.23023e-07     4.48182e-07     3.41504e-07     2.67744e-07     2.15288e-07     1.79436e-07     1.51717e-07     1.07438e-07     7.90422e-08     1.40251e-08     7.94775e-08    -3.56066e-09     4.93931e-08     1.29205e-07     1.21156e-07     7.00915e-08     8.70635e-08     3.13795e-08    -4.02055e-08    -1.33555e-07    -1.46904e-07    -2.41725e-07    -3.77577e-07    -4.09890e-07    -4.56788e-07    -5.14365e-07    -5.29194e-07    -5.28084e-07    -5.22401e-07    -4.82436e-07    -4.36054e-07    -4.29437e-07    -4.47900e-07
     1.06973e-06     1.11726e-06     1.17118e-06     1.22185e-06     1.29944e-06     1.36506e-06     1.42207e-06     1.48744e-06     1.55939e-06     1.57357e-06     1.37377e-06     1.14803e-06     9.76178e-07     8.11903e-07     6.79545e-07     5.52164e-07     4.63653e-07     3.55120e-07     2.84741e-07     2.32082e-07     1.90049e-07     1.60956e-07     1.20253e-07     9.68380e-08     5.53698e-08     1.38217e-07     7.04447e-08     6.20992e-08     1.61554e-07     1.65181e-07     1.18124e-07     1.71885e-07     1.73584e-07     1.00137e-07     2.72985e-08    -1.97126e-08    -1.25198e-07    -2.78456e-07    -3.11236e-07    -3.67358e-07    -4.25166e-07    -4.47323e-07    -4.67372e-07    -4.61810e-07    -4.27809e-07    -3.85429e-07    -3.70357e-07    -3.91855e-07
     9.22191e-07     9.71989e-07     1.00729e-06     1.03919e-06     1.08699e-06     1.14976e-06     1.20576e-06     1.26875e-06     1.34694e-06     1.37377e-06     1.39145e-06     1.18578e-06     1.02686e-06     8.68068e-07     7.34626e-07     6.04615e-07     5.02992e-07     3.89637e-07     3.18152e-07     2.63938e-07     2.13780e-07     1.76148e-07     1.34537e-07     1.05176e-07     1.89982e-08     6.93109e-08     1.21086e-08     2.11559e-08     8.44816e-08     5.89295e-08     3.44934e-08     1.08007e-07     1.31364e-07     9.81502e-08     5.12669e-08     2.60888e-08    -6.42734e-08    -1.99940e-07    -2.31605e-07    -3.15980e-07    -3.86964e-07    -4.14839e-07    -4.58817e-07    -4.62766e-07    -4.33955e-07    -3.99864e-07    -4.00852e-07    -4.08685e-07
     7.37677e-07     7.56334e-07     7.90841e-07     8.35913e-07     8.86487e-07     9.27738e-07     9.68428e-07     1.02537e-06     1.11103e-06     1.14803e-06     1.18578e-06     1.20335e-06     1.06463e-06     9.06639e-07     7.73863e-07     6.49272e-07     5.40792e-07     4.31792e-07     3.56759e-07     2.98511e-07     2.41156e-07     1.99887e-07     1.55604e-07     1.22696e-07     1.34019e-08     5.62642e-08    -7.11551e-09     1.37364e-08     9.03103e-08     7.47505e-08     4.48199e-08     9.42242e-08     1.24828e-07     1.03288e-07     1.13589e-07     1.16240e-07     7.74851e-08    -5.91046e-08    -1.13529e-07    -2.00004e-07    -2.60759e-07    -3.23244e-07    -3.89270e-07    -4.03730e-07    -3.75707e-07    -3.59470e-07    -3.56760e-07    -3.75751e-07
     5.84809e-07     6.09784e-07     6.41853e-07     6.69086e-07     7.30947e-07     7.62383e-07     7.96045e-07     8.58058e-07     9.38916e-07     9.76178e-07     1.02686e-06     1.06463e-06     1.10064e-06     9.50611e-07     8.24721e-07     6.97567e-07     5.91732e-07     4.77823e-07     4.01254e-07     3.36129e-07     2.69250e-07     2.22811e-07     1.78444e-07     1.39122e-07     3.20441e-08     1.89278e-08     1.77068e-08     2.94677e-09     5.11935e-08     2.86967e-08     1.53050e-08     6.65381e-08     1.13491e-07     1.03196e-07     1.47623e-07     1.90153e-07     1.56612e-07     6.18133e-08     6.92718e-09    -8.04303e-08    -1.44151e-07    -2.16572e-07    -2.94740e-07    -3.23285e-07    -3.15870e-07    -3.12559e-07    -3.15693e-07    -3.39581e-07
     5.22531e-07     5.31105e-07     5.42977e-07     5.52142e-07     5.98926e-07     6.23087e-07     6.54496e-07     7.10832e-07     7.82502e-07     8.11903e-07     8.68068e-07     9.06639e-07     9.50611e-07     9.70839e-07     8.61047e-07     7.39480e-07     6.34244e-07     5.22075e-07     4.41816e-07     3.72550e-07     3.01998e-07     2.45040e-07     1.99981e-07     1.53455e-07     8.43672e-08     5.29293e-08     4.76326e-08     3.74374e-08     5.42266e-08     1.39435e-08     1.72269e-08     5.61028e-08     8.31136e-08     8.86716e-08     1.46267e-07     2.01358e-07     2.05200e-07     1.37821e-07     9.98159e-08     3.37459e-09    -6.83548e-08    -1.44772e-07    -2.24638e-07    -2.64666e-07    -2.70125e-07    -2.72334e-07    -2.79546e-07    -3.16398e-07
     4.35549e-07     4.51324e-07     4.55232e-07     4.53260e-07     5.04046e-07     5.13744e-07     5.57945e-07     5.91487e-07     6.56854e-07     6.79545e-07     7.34626e-07     7.73863e-07     8.24721e-07     8.61047e-07     8.92287e-07     7.81552e-07     6.76678e-07     5.64294e-07     4.77570e-07     4.01968e-07     3.22063e-07     2.64246e-07     2.22455e-07     1.66182e-07     8.28330e-08     4.23401e-08     3.17446e-08     4.88630e-08     4.82067e-08    -1.51651e-09     9.29714e-09     3.69396e-08     7.56172e-08     9.39777e-08     1.23018e-07     1.75608e-07     1.99829e-07     1.83480e-07     1.80433e-07     1.05421e-07     3.37434e-08    -6.87068e-08    -1.55114e-07    -2.06593e-07    -2.36697e-07    -2.51878e-07    -2.57641e-07    -2.85832e-07
     2.91449e-07     3.21720e-07     3.19090e-07     3.23272e-07     3.79357e-07     3.83019e-07     4.34042e-07     4.69137e-07     5.23023e-07     5.52164e-07     6.04615e-07     6.49272e-07     6.97567e-07     7.39480e-07     7.81552e-07     8.08925e-07     7.14191e-07     6.11339e-07     5.26046e-07     4.40096e-07     3.59635e-07     2.97511e-07     2.54904e-07     1.93538e-07     8.03278e-08     4.55835e-08     1.53788e-08     2.29560e-08     3.99094e-08     2.25834e-08     3.22755e-08     4.98242e-08     7.67009e-08     1.19806e-07     1.45565e-07     1.92287e-07     2.12271e-07     2.02821e-07     2.34202e-07     1.89688e-07     1.55747e-07     5.51574e-08    -4.28968e-08    -1.10897e-07    -1.62876e-07    -1.89366e-07    -2.15506e-07    -2.49919e-07
     2.30613e-07     2.76505e-07     2.56995e-07     2.59049e-07     3.04675e-07     3.11557e-07     3.61493e-07     4.00068e-07     4.48182e-07     4.63653e-07     5.02992e-07     5.40792e-07     5.91732e-07     6.34244e-07     6.76678e-07     7.14191e-07     7.38551e-07     6.41588e-07     5.60906e-07     4.70879e-07     3.93795e-07     3.23094e-07     2.76041e-07     2.13402e-07     6.21242e-08    -9.88741e-09    -3.14607e-08    -2.79335e-08    -7.52503e-09    -9.08066e-09     6.61822e-09     4.23601e-09     4.08847e-08     9.37013e-08     1.31656e-07     1.75711e-07     1.94377e-07     1.86437e-07     2.31459e-07     2.27916e-07     2.21813e-07     1.44268e-07     4.15528e-08    -3.70524e-08    -1.00617e-07    -1.46609e-07    -1.87848e-07    -2.31331e-07
     1.57076e-07     2.01950e-07     1.87899e-07     1.91222e-07     2.36452e-07     2.30260e-07     2.66413e-07     3.05322e-07     3.41504e-07     3.55120e-07     3.89637e-07     4.31792e-07     4.77823e-07     5.22075e-07     5.64294e-07     6.11339e-07     6.41588e-07     6.63857e-07     5.93656e-07     5.04338e-07     4.24020e-07     3.49366e-07     2.99513e-07     2.34081e-07     1.13050e-07     7.31632e-08     6.74917e-08     5.81450e-08     2.86880e-08     2.12234e-08     2.38942e-08    -1.03104e-08     4.27610e-08     8.22369e-08     1.21239e-07     1.56894e-07     1.76739e-07     1.74262e-07     2.27175e-07     2.38114e-07     2.67948e-07     2.16751e-07     1.41129e-07     5.98510e-08    -1.26816e-08    -7.33544e-08    -1.24137e-07    -1.70992e-07
     1.08116e-07     1.56159e-07     1.48600e-07     1.47682e-07     1.82810e-07     1.72473e-07     2.05411e-07     2.41110e-07     2.67744e-07     2.84741e-07     3.18152e-07     3.56759e-07     4.01254e-07     4.41816e-07     4.77570e-07     5.26046e-07     5.60906e-07     5.93656e-07     6.22401e-07     5.47162e-07     4.67246e-07     3.89587e-07     3.37765e-07     2.64192e-07     1.22785e-07     8.76640e-08     4.07021e-08     5.43059e-08     7.29267e-09     8.90765e-09     2.07989e-08    -8.24654e-09     2.87253e-08     6.74733e-08     1.16549e-07     1.48300e-07     1.63698e-07     1.53844e-07     1.97601e-07     2.10209e-07     2.50917e-07     2.21140e-07     1.73617e-07     1.25429e-07     5.36660e-08    -1.35056e-08    -6.99754e-08    -1.16943e-07
     1.25614e-07     1.59630e-07     1.54947e-07     1.30306e-07     1.51325e-07     1.35311e-07     1.64121e-07     1.97482e-07     2.15288e-07     2.32082e-07     2.63938e-07     2.98511e-07     3.36129e-07     3.72550e-07     4.01968e-07     4.40096e-07     4.70879e-07     5.04338e-07     5.47162e-07     5.64907e-07     4.91414e-07     4.14830e-07     3.57343e-07     2.79648e-07     6.89450e-08     3.09555e-08    -2.82302e-08     1.92662e-08    -1.58915e-08    -1.88026e-08    -2.05294e-08    -3.84490e-08    -9.01819e-09     3.65562e-08     9.06697e-08     1.29451e-07     1.43545e-07     1.35925e-07     1.61026e-07     1.66913e-07     2.08788e-07     1.75672e-07     1.63507e-07     1.51445e-07     1.12972e-07     5.08553e-08    -9.14341e-09    -5.24976e-08
     9.14159e-08     1.25105e-07     1.17775e-07     9.70713e-08     1.11700e-07     1.05625e-07     1.37461e-07     1.64541e-07     1.79436e-07     1.90049e-07     2.13780e-07     2.41156e-07     2.69250e-07     3.01998e-07     3.22063e-07     3.59635e-07     3.93795e-07     4.24020e-07     4.67246e-07     4.91414e-07     5.07956e-07     4.35197e-07     3.78400e-07     3.01228e-07     3.56701e-08     4.99373e-09    -6.20201e-08    -2.04065e-08    -6.54534e-08    -5.38827e-08    -3.04562e-08    -5.36350e-08    -2.62746e-08     2.31609e-08     7.02659e-08     8.72775e-08     1.05223e-07     9.87819e-08     1.13158e-07     1.15004e-07     1.54411e-07     1.28668e-07     1.31168e-07     1.39614e-07     1.33393e-07     1.04286e-07     5.47651e-08     4.58308e-09
     1.01812e-07     1.23249e-07     1.15126e-07     9.62777e-08     1.01324e-07     9.95496e-08     1.21200e-07     1.41589e-07     1.51717e-07     1.60956e-07     1.76148e-07     1.99887e-07     2.22811e-07     2.45040e-07     2.64246e-07     2.97511e-07     3.23094e-07     3.49366e-07     3.89587e-07     4.14830e-07     4.35197e-07     4.48104e-07     3.94873e-07     3.26937e-07     4.29162e-08    -1.14810e-08    -9.37118e-08    -4.03677e-08    -7.65884e-08    -6.58742e-08    -1.94525e-08    -5.16261e-08    -3.68804e-08     2.05229e-09     5.28160e-08     7.37800e-08     8.54716e-08     7.27690e-08     9.54769e-08     9.92162e-08     1.42628e-07     1.20551e-07     1.19480e-07     1.29997e-07     1.46731e-07     1.38247e-07     1.06966e-07     5.98754e-08
     4.88108e-08     7.62642e-08     7.52450e-08     5.41616e-08     5.91965e-08     5.96697e-08     8.03631e-08     9.92801e-08     1.07438e-07     1.20253e-07     1.34537e-07     1.55604e-07     1.78444e-07     1.99981e-07     2.22455e-07     2.54904e-07     2.76041e-07     2.99513e-07     3.37765e-07     3.57343e-07     3.78400e-07     3.94873e-07     4.10769e-07     3.49687e-07     5.00286e-08    -1.68646e-08    -7.38759e-08    -3.94522e-08    -5.55756e-08    -4.43288e-08    -1.26984e-08    -2.96800e-08    -1.41049e-08     2.94716e-08     8.12915e-08     1.06191e-07     1.26582e-07     1.12488e-07     1.24755e-07     1.17875e-07     1.57893e-07     1.36021e-07     1.28884e-07     1.35728e-07     1.44428e-07     1.43814e-07     1.33119e-07     9.42806e-08
     3.24901e-08     3.59589e-08     4.70845e-08     3.42768e-08     4.23276e-08     4.10881e-08     5.08512e-08     7.49209e-08     7.90422e-08     9.68380e-08     1.05176e-07     1.22696e-07     1.39122e-07     1.53455e-07     1.66182e-07     1.93538e-07     2.13402e-07     2.34081e-07     2.64192e-07     2.79648e-07     3.01228e-07     3.26937e-07     3.49687e-07     3.63069e-07     2.16955e-08    -6.11224e-08    -1.00038e-07    -6.58281e-08    -7.11807e-08    -4.50480e-08    -1.54596e-08    -3.17685e-08    -1.85275e-08     1.41235e-08     6.35000e-08     7.99320e-08     9.96976e-08     9.03489e-08     1.07048e-07     1.02780e-07     1.35947e-07     1.14238e-07     1.23053e-07     1.34421e-07     1.45339e-07     1.46664e-07     1.56177e-07     1.36165e-07
    -1.51689e-06    -6.12601e-07    -6.07549e-07    -3.19088e-07    -1.24116e-07    -9.27016e-09     1.12457e-08     6.87335e-08     1.40251e-08     5.53698e-08     1.89982e-08     1.34019e-08     3.20441e-08     8.43672e-08     8.28330e-08     8.03278e-08     6.21242e-08     1.13050e-07     1.22785e-07     6.89450e-08     3.56701e-08     4.29162e-08     5.00286e-08     2.16955e-08     1.62213e-05     1.21563e-05     9.50554e-06     7.42773e-06     6.11410e-06     4.99119e-06     4.00980e-06     3.29292e-06     2.84252e-06     2.22232e-06     1.76564e-06     1.44854e-06     1.44264e-06     1.22607e-06     9.95061e-07     6.99886e-07     7.21838e-07     7.10670e-07     6.37340e-07     5.51488e-07     4.84993e-07     4.95168e-07     4.89123e-07     4.32082e-07
    -1.25469e-06    -5.46185e-07    -4.22409e-07    -2.15190e-07    -3.95692e-08     5.26232e-08     7.57856e-08     1.10155e-07     7.94775e-08     1.38217e-07     6.93109e-08     5.62642e-08     1.89278e-08     5.29293e-08     4.23401e-08     4.55835e-08    -9.88741e-09     7.31632e-08     8.76640e-08     3.09555e-08     4.99373e-09    -1.14810e-08    -1.68646e-08    -6.11224e-08     1.21563e-05     1.33398e-05     1.02862e-05     8.06096e-06     6.49895e-06     5.18037e-06     4.12340e-06     3.31329e-06     2.84205e-06     2.25369e-06     1.70684e-06     1.36907e-06     1.30357e-06     1.13966e-06     9.01739e-07     6.35794e-07     6.07934e-07     5.60989e-07     4.92600e-07     3.61207e-07     2.40368e-07     2.49489e-07     2.98469e-07     2.46470e-07
    -1.45087e-06    -6.72044e-07    -5.48787e-07    -2.54095e-07    -9.06601e-08     1.73426e-08     4.21939e-09     2.01686e-08    -3.56066e-09     7.04447e-08     1.21086e-08    -7.11551e-09     1.77068e-08     4.76326e-08     3.17446e-08     1.53788e-08    -3.14607e-08     6.74917e-08     4.07021e-08    -2.82302e-08    -6.20201e-08    -9.37118e-08    -7.38759e-08    -1.00038e-07     9.50554e-06     1.02862e-05     1.13779e-05     8.99627e-06     7.20367e-06     5.83105e-06     4.73223e-06     3.85840e-06     3.19739e-06     2.42927e-06     1.85836e-06     1.45790e-06     1.31049e-06     1.11459e-06     9.18162e-07     7.21545e-07     5.75048e-07     5.32362e-07     4.04991e-07     2.85303e-07     1.52190e-07     2.00447e-07     2.82822e-07     3.05547e-07
    -1.10468e-06    -4.63789e-07    -2.86187e-07    -9.29391e-08     1.11467e-07     1.79758e-07     1.02965e-07     4.34733e-08     4.93931e-08     6.20992e-08     2.11559e-08     1.37364e-08     2.94677e-09     3.74374e-08     4.88630e-08     2.29560e-08    -2.79335e-08     5.81450e-08     5.43059e-08     1.92662e-08    -2.04065e-08    -4.03677e-08    -3.94522e-08    -6.58281e-08     7.42773e-06     8.06096e-06     8.99627e-06     9.76629e-06     7.84960e-06     6.28620e-06     4.99120e-06     3.88813e-06     3.13635e-06     2.41831e-06     1.90451e-06     1.59177e-06     1.42673e-06     1.23448e-06     9.79214e-07     7.55876e-07     6.40031e-07     5.76561e-07     4.38719e-07     3.35030e-07     2.29981e-07     2.37087e-07     2.78449e-07     3.29968e-07
    -1.30601e-06    -7.15552e-07    -6.05178e-07    -2.82098e-07    -2.20592e-08     2.08868e-07     1.36253e-07     8.58081e-08     1.29205e-07     1.61554e-07     8.44816e-08     9.03103e-08     5.11935e-08     5.42266e-08     4.82067e-08     3.99094e-08    -7.52503e-09     2.86880e-08     7.29267e-09    -1.58915e-08    -6.54534e-08    -7.65884e-08    -5.55756e-08    -7.11807e-08     6.11410e-06     6.49895e-06     7.20367e-06     7.84960e-06     8.54248e-06     7.00645e-06     5.61319e-06     4.45673e-06     3.66729e-06     2.85142e-06     2.24931e-06     1.87280e-06     1.68540e-06     1.43369e-06     1.13441e-06     8.68421e-07     7.18847e-07     6.37536e-07     4.86442e-07     3.99284e-07     3.02801e-07     3.02863e-07     3.49565e-07     3.77832e-07
    -1.20980e-06    -6.66091e-07    -6.60804e-07    -3.88563e-07    -1.21013e-07     1.20711e-07     1.23382e-07     1.01604e-07     1.21156e-07     1.65181e-07     5.89295e-08     7.47505e-08     2.86967e-08     1.39435e-08    -1.51651e-09     2.25834e-08    -9.08066e-09     2.12234e-08     8.90765e-09    -1.88026e-08    -5.38827e-08    -6.58742e-08    -4.43288e-08    -4.50480e-08     4.99119e-06     5.18037e-06     5.83105e-06     6.28620e-06     7.00645e-06     7.49748e-06     6.11798e-06     4.96119e-06     4.12107e-06     3.18378e-06     2.50527e-06     2.03215e-06     1.75884e-06     1.45847e-06     1.14852e-06     8.45385e-07     6.87076e-07     6.13182e-07     4.78417e-07     4.12131e-07     3.40821e-07     3.25545e-07     3.53199e-07     3.48787e-07
    -1.08264e-06    -6.94747e-07    -7.52048e-07    -5.14389e-07    -2.59008e-07    -3.53297e-08    -2.97686e-08     4.93788e-08     7.00915e-08     1.18124e-07     3.44934e-08     4.48199e-08     1.53050e-08     1.72269e-08     9.29714e-09     3.22755e-08     6.61822e-09     2.38942e-08     2.07989e-08    -2.05294e-08    -3.04562e-08    -1.94525e-08    -1.26984e-08    -1.54596e-08     4.00980e-06     4.12340e-06     4.73223e-06     4.99120e-06     5.61319e-06     6.11798e-06     6.62016e-06     5.43592e-06     4.53269e-06     3.55969e-06     2.80430e-06     2.21569e-06     1.87792e-06     1.52101e-06     1.22892e-06     9.55099e-07     7.48389e-07     7.09947e-07     5.60033e-07     5.12546e-07     4.01641e-07     3.45681e-07     3.72851e-07     3.52652e-07
    -1.03796e-06    -7.07573e-07    -7.84785e-07    -6.16615e-07    -3.72362e-07    -1.74891e-07    -1.10645e-07     1.00706e-08     8.70635e-08     1.71885e-07     1.08007e-07     9.42242e-08     6.65381e-08     5.61028e-08     3.69396e-08     4.98242e-08     4.23601e-09    -1.03104e-08    -8.24654e-09    -3.84490e-08    -5.36350e-08    -5.16261e-08    -2.96800e-08    -3.17685e-08     3.29292e-06     3.31329e-06     3.85840e-06     3.88813e-06     4.45673e-06     4.96119e-06     5.43592e-06     6.03426e-06     5.18175e-06     4.19213e-06     3.35135e-06     2.74004e-06     2.33190e-06     1.91952e-06     1.56368e-06     1.24749e-06     9.69870e-07     8.74508e-07     7.04675e-07     6.57193e-07     5.18267e-07     4.86232e-07     4.36907e-07     4.02056e-07
    -1.11241e-06    -7.91072e-07    -9.30540e-07    -7.65043e-07    -5.03489e-07    -3.59816e-07    -2.53264e-07    -9.57849e-08     3.13795e-08     1.73584e-07     1.31364e-07     1.24828e-07     1.13491e-07     8.31136e-08     7.56172e-08     7.67009e-08     4.08847e-08     4.27610e-08     2.87253e-08    -9.01819e-09    -2.62746e-08    -3.68804e-08    -1.41049e-08    -1.85275e-08     2.84252e-06     2.84205e-06     3.19739e-06     3.13635e-06     3.66729e-06     4.12107e-06     4.53269e-06     5.18175e-06     5.64045e-06     4.72261e-06     3.91735e-06     3.24179e-06     2.75811e-06     2.29776e-06     1.87171e-06     1.51766e-06     1.20402e-06     1.03540e-06     8.47044e-07     7.70364e-07     5.95588e-07     5.15857e-07     4.64234e-07     4.07479e-07
    -1.05276e-06    -8.05687e-07    -9.30222e-07    -7.87045e-07    -5.55157e-07    -4.51916e-07    -3.57936e-07    -2.39232e-07    -4.02055e-08     1.00137e-07     9.81502e-08     1.03288e-07     1.03196e-07     8.86716e-08     9.39777e-08     1.19806e-07     9.37013e-08     8.22369e-08     6.74733e-08     3.65562e-08     2.31609e-08     2.05229e-09     2.94716e-08     1.41235e-08     2.22232e-06     2.25369e-06     2.42927e-06     2.41831e-06     2.85142e-06     3.18378e-06     3.55969e-06     4.19213e-06     4.72261e-06     5.02628e-06     4.31165e-06     3.64279e-06     3.09480e-06     2.58469e-06     2.12541e-06     1.72326e-06     1.40874e-06     1.17248e-06     9.52331e-07     8.82425e-07     6.97356e-07     5.83191e-07     4.60289e-07     3.76252e-07
    -1.04357e-06    -8.60004e-07    -9.63805e-07    -8.44378e-07    -6.03917e-07    -5.30080e-07    -4.32262e-07    -3.21611e-07    -1.33555e-07     2.72985e-08     5.12669e-08     1.13589e-07     1.47623e-07     1.46267e-07     1.23018e-07     1.45565e-07     1.31656e-07     1.21239e-07     1.16549e-07     9.06697e-08     7.02659e-08     5.28160e-08     8.12915e-08     6.35000e-08     1.76564e-06     1.70684e-06     1.85836e-06     1.90451e-06     2.24931e-06     2.50527e-06     2.80430e-06     3.35135e-06     3.91735e-06     4.31165e-06     4.68858e-06     4.07791e-06     3.49027e-06     2.86904e-06     2.37778e-06     1.94223e-06     1.61304e-06     1.34550e-06     1.07848e-06     9.81593e-07     8.25236e-07     7.10056e-07     5.76067e-07     4.63035e-07
    -9.28812e-07    -7.17372e-07    -8.24995e-07    -7.46821e-07    -5.22890e-07    -4.59822e-07    -3.86065e-07    -3.25471e-07    -1.46904e-07    -1.97126e-08     2.60888e-08     1.16240e-07     1.90153e-07     2.01358e-07     1.75608e-07     1.92287e-07     1.75711e-07     1.56894e-07     1.48300e-07     1.29451e-07     8.72775e-08     7.37800e-08     1.06191e-07     7.99320e-08     1.44854e-06     1.36907e-06     1.45790e-06     1.59177e-06     1.87280e-06     2.03215e-06     2.21569e-06     2.74004e-06     3.24179e-06     3.64279e-06     4.07791e-06     4.49674e-06     3.95565e-06     3.34943e-06     2.79221e-06     2.31001e-06     1.92383e-06     1.61493e-06     1.30399e-06     1.12848e-06     9.68764e-07     8.31962e-07     6.47089e-07     5.54650e-07
    -8.73121e-07    -6.71476e-07    -8.04054e-07    -7.71369e-07    -5.67212e-07    -5.30843e-07    -4.37173e-07    -3.94764e-07    -2.41725e-07    -1.25198e-07    -6.42734e-08     7.74851e-08     1.56612e-07     2.05200e-07     1.99829e-07     2.12271e-07     1.94377e-07     1.76739e-07     1.63698e-07     1.43545e-07     1.05223e-07     8.54716e-08     1.26582e-07     9.96976e-08     1.44264e-06     1.30357e-06     1.31049e-06     1.42673e-06     1.68540e-06     1.75884e-06     1.87792e-06     2.33190e-06     2.75811e-06     3.09480e-06     3.49027e-06     3.95565e-06     4.24363e-06     3.72126e-06     3.17240e-06     2.67796e-06     2.25166e-06     1.88529e-06     1.53458e-06     1.27854e-06     1.09442e-06     9.30844e-07     7.52778e-07     6.62551e-07
    -9.41602e-07    -7.24473e-07    -8.27644e-07    -8.14308e-07    -6.52646e-07    -6.43939e-07    -5.46720e-07    -5.27731e-07    -3.77577e-07    -2.78456e-07    -1.99940e-07    -5.91046e-08     6.18133e-08     1.37821e-07     1.83480e-07     2.02821e-07     1.86437e-07     1.74262e-07     1.53844e-07     1.35925e-07     9.87819e-08     7.27690e-08     1.12488e-07     9.03489e-08     1.22607e-06     1.13966e-06     1.11459e-06     1.23448e-06     1.43369e-06     1.45847e-06     1.52101e-06     1.91952e-06     2.29776e-06     2.58469e-06     2.86904e-06     3.34943e-06     3.72126e-06     3.98437e-06     3.52756e-06     3.07798e-06     2.59279e-06     2.21793e-06     1.83783e-06     1.54834e-06     1.32404e-06     1.12492e-06     9.32332e-07     8.33831e-07
    -9.04943e-07    -7.10176e-07    -8.27626e-07    -8.66508e-07    -7.03667e-07    -6.96641e-07    -5.69328e-07    -5.30424e-07    -4.09890e-07    -3.11236e-07    -2.31605e-07    -1.13529e-07     6.92718e-09     9.98159e-08     1.80433e-07     2.34202e-07     2.31459e-07     2.27175e-07     1.97601e-07     1.61026e-07     1.13158e-07     9.54769e-08     1.24755e-07     1.07048e-07     9.95061e-07     9.01739e-07     9.18162e-07     9.79214e-07     1.13441e-06     1.14852e-06     1.22892e-06     1.56368e-06     1.87171e-06     2.12541e-06     2.37778e-06     2.79221e-06     3.17240e-06     3.52756e-06     3.80523e-06     3.42876e-06     2.97404e-06     2.54038e-06     2.10433e-06     1.77309e-06     1.51413e-06     1.29536e-06     1.08586e-06     9.67494e-07
    -7.79119e-07    -6.08163e-07    -7.78450e-07    -8.28583e-07    -6.77632e-07    -6.81433e-07    -5.82254e-07    -5.59643e-07    -4.56788e-07    -3.67358e-07    -3.15980e-07    -2.00004e-07    -8.04303e-08     3.37459e-09     1.05421e-07     1.89688e-07     2.27916e-07     2.38114e-07     2.10209e-07     1.66913e-07     1.15004e-07     9.92162e-08     1.17875e-07     1.02780e-07     6.99886e-07     6.35794e-07     7.21545e-07     7.55876e-07     8.68421e-07     8.45385e-07     9.55099e-07     1.24749e-06     1.51766e-06     1.72326e-06     1.94223e-06     2.31001e-06     2.67796e-06     3.07798e-06     3.42876e-06     3.72395e-06     3.37181e-06     2.92273e-06     2.47455e-06     2.10535e-06     1.78727e-06     1.49173e-06     1.24630e-06     1.09916e-06
    -7.92276e-07    -6.64404e-07    -7.95498e-07    -8.42623e-07    -6.93121e-07    -7.08510e-07    -6.06912e-07    -5.91372e-07    -5.14365e-07    -4.25166e-07    -3.86964e-07    -2.60759e-07    -1.44151e-07    -6.83548e-08     3.37434e-08     1.55747e-07     2.21813e-07     2.67948e-07     2.50917e-07     2.08788e-07     1.54411e-07     1.42628e-07     1.57893e-07     1.35947e-07     7.21838e-07     6.07934e-07     5.75048e-07     6.40031e-07     7.18847e-07     6.87076e-07     7.48389e-07     9.69870e-07     1.20402e-06     1.40874e-06     1.61304e-06     1.92383e-06     2.25166e-06     2.59279e-06     2.97404e-06     3.37181e-06     3.61375e-06     3.20854e-06     2.76979e-06     2.36433e-06     2.00749e-06     1.68372e-06     1.39059e-06     1.22818e-06
    -8.27524e-07    -6.77283e-07    -7.63215e-07    -7.89421e-07    -6.80174e-07    -7.15712e-07    -6.15358e-07    -5.92445e-07    -5.29194e-07    -4.47323e-07    -4.14839e-07    -3.23244e-07    -2.16572e-07    -1.44772e-07    -6.87068e-08     5.51574e-08     1.44268e-07     2.16751e-07     2.21140e-07     1.75672e-07     1.28668e-07     1.20551e-07     1.36021e-07     1.14238e-07     7.10670e-07     5.60989e-07     5.32362e-07     5.76561e-07     6.37536e-07     6.13182e-07     7.09947e-07     8.74508e-07     1.03540e-06     1.17248e-06     1.34550e-06     1.61493e-06     1.88529e-06     2.21793e-06     2.54038e-06     2.92273e-06     3.20854e-06     3.39729e-06     3.02663e-06     2.61816e-06     2.24828e-06     1.88271e-06     1.54230e-06     1.35469e-06
    -6.79504e-07    -5.66773e-07    -6.36908e-07    -7.13898e-07    -6.05599e-07    -6.73479e-07    -5.87494e-07    -5.60809e-07    -5.28084e-07    -4.67372e-07    -4.58817e-07    -3.89270e-07    -2.94740e-07    -2.24638e-07    -1.55114e-07    -4.28968e-08     4.15528e-08     1.41129e-07     1.73617e-07     1.63507e-07     1.31168e-07     1.19480e-07     1.28884e-07     1.23053e-07     6.37340e-07     4.92600e-07     4.04991e-07     4.38719e-07     4.86442e-07     4.78417e-07     5.60033e-07     7.04675e-07     8.47044e-07     9.52331e-07     1.07848e-06     1.30399e-06     1.53458e-06     1.83783e-06     2.10433e-06     2.47455e-06     2.76979e-06     3.02663e-06     3.19600e-06     2.81732e-06     2.44647e-06     2.06729e-06     1.71956e-06     1.53111e-06
    -6.30121e-07    -5.32549e-07    -6.09780e-07    -6.62465e-07    -5.68947e-07    -6.31396e-07    -5.65423e-07    -5.50601e-07    -5.22401e-07    -4.61810e-07    -4.62766e-07    -4.03730e-07    -3.23285e-07    -2.64666e-07    -2.06593e-07    -1.10897e-07    -3.70524e-08     5.98510e-08     1.25429e-07     1.51445e-07     1.39614e-07     1.29997e-07     1.35728e-07     1.34421e-07     5.51488e-07     3.61207e-07     2.85303e-07     3.35030e-07     3.99284e-07     4.12131e-07     5.12546e-07     6.57193e-07     7.70364e-07     8.82425e-07     9.81593e-07     1.12848e-06     1.27854e-06     1.54834e-06     1.77309e-06     2.10535e-06     2.36433e-06     2.61816e-06     2.81732e-06     2.93278e-06     2.62631e-06     2.27525e-06     1.90379e-06     1.70803e-06
    -5.28892e-07    -4.56834e-07    -4.80193e-07    -5.56924e-07    -4.81008e-07    -5.40602e-07    -5.04702e-07    -5.00228e-07    -4.82436e-07    -4.27809e-07    -4.33955e-07    -3.75707e-07    -3.15870e-07    -2.70125e-07    -2.36697e-07    -1.62876e-07    -1.00617e-07    -1.26816e-08     5.36660e-08     1.12972e-07     1.33393e-07     1.46731e-07     1.44428e-07     1.45339e-07     4.84993e-07     2.40368e-07     1.52190e-07     2.29981e-07     3.02801e-07     3.40821e-07     4.01641e-07     5.18267e-07     5.95588e-07     6.97356e-07     8.25236e-07     9.68764e-07     1.09442e-06     1.32404e-06     1.51413e-06     1.78727e-06     2.00749e-06     2.24828e-06     2.44647e-06     2.62631e-06     2.83029e-06     2.53030e-06     2.17425e-06     1.93201e-06
    -3.45174e-07    -2.70539e-07    -2.93311e-07    -3.74324e-07    -3.47990e-07    -4.26660e-07    -4.18256e-07    -4.50081e-07    -4.36054e-07    -3.85429e-07    -3.99864e-07    -3.59470e-07    -3.12559e-07    -2.72334e-07    -2.51878e-07    -1.89366e-07    -1.46609e-07    -7.33544e-08    -1.35056e-08     5.08553e-08     1.04286e-07     1.38247e-07     1.43814e-07     1.46664e-07     4.95168e-07     2.49489e-07     2.00447e-07     2.37087e-07     3.02863e-07     3.25545e-07     3.45681e-07     4.86232e-07     5.15857e-07     5.83191e-07     7.10056e-07     8.31962e-07     9.30844e-07     1.12492e-06     1.29536e-06     1.49173e-06     1.68372e-06     1.88271e-06     2.06729e-06     2.27525e-06     2.53030e-06     2.67483e-06     2.38557e-06     2.15553e-06
    -3.45692e-07    -2.71387e-07    -2.70854e-07    -3.56416e-07    -3.32192e-07    -3.99560e-07    -4.05257e-07    -4.24369e-07    -4.29437e-07    -3.70357e-07    -4.00852e-07    -3.56760e-07    -3.15693e-07    -2.79546e-07    -2.57641e-07    -2.15506e-07    -1.87848e-07    -1.24137e-07    -6.99754e-08    -9.14341e-09     5.47651e-08     1.06966e-07     1.33119e-07     1.56177e-07     4.89123e-07     2.98469e-07     2.82822e-07     2.78449e-07     3.49565e-07     3.53199e-07     3.72851e-07     4.36907e-07     4.64234e-07     4.60289e-07     5.76067e-07     6.47089e-07     7.52778e-07     9.32332e-07     1.08586e-06     1.24630e-06     1.39059e-06     1.54230e-06     1.71956e-06     1.90379e-06     2.17425e-06     2.38557e-06     2.53678e-06     2.35809e-06
    -3.19717e-07    -2.35776e-07    -2.67666e-07    -3.44595e-07    -3.39334e-07    -4.00718e-07    -4.36022e-07    -4.40729e-07    -4.47900e-07    -3.91855e-07    -4.08685e-07    -3.75751e-07    -3.39581e-07    -3.16398e-07    -2.85832e-07    -2.49919e-07    -2.31331e-07    -1.70992e-07    -1.16943e-07    -5.24976e-08     4.58308e-09     5.98754e-08     9.42806e-08     1.36165e-07     4.32082e-07     2.46470e-07     3.05547e-07     3.29968e-07     3.77832e-07     3.48787e-07     3.52652e-07     4.02056e-07     4.07479e-07     3.76252e-07     4.63035e-07     5.54650e-07     6.62551e-07     8.33831e-07     9.67494e-07     1.09916e-06     1.22818e-06     1.35469e-06     1.53111e-06     1.70803e-06     1.93201e-06     2.15553e-06     2.35809e-06     2.53079e-06
